-4.98000000,2.92250000
-0.13800000,5.28500000
-1.74300000,-4.44500000
-3.33000000,1.53650000
1.25100000,-5.39000000
-2.47800000,2.38700000
-4.71000000,3.16750000
3.78000000,-3.60500000
3.87000000,-1.74650000
3.81000000,2.06150000
-2.89500000,-3.42300000
-0.09090000,7.38500000
-1.31700000,4.79500000
-5.79000000,2.11050000
3.48000000,0.17115000
7.77000000,-4.02500000
-2.86800000,3.88500000
-2.37300000,-4.41000000
-2.89200000,0.37800000
1.16400000,1.69400000
-0.80700000,3.36350000
-3.84000000,-1.64850000
1.65600000,3.64000000
1.90800000,2.64600000
-1.48200000,-4.27000000
-2.01600000,4.72500000
-1.30200000,7.84000000
6.03000000,-2.43250000
-4.47000000,-0.01137500
-3.39000000,0.57400000
0.10290000,-4.13000000
1.30500000,1.38950000
1.23600000,-0.43400000
-5.46000000,1.65900000
-1.15200000,-1.38950000
1.16400000,-0.29785000
-1.11600000,-4.83000000
1.49100000,4.44500000
2.56200000,-2.89450000
1.92900000,-1.41050000
-2.45700000,4.41000000
1.81500000,6.51000000
3.33000000,-0.37100000
-8.52000000,-0.61950000
-5.34000000,-5.53000000
-0.08970000,2.15950000
2.94300000,1.86200000
-3.57000000,-3.50000000
-4.23000000,3.99000000
5.73000000,4.79500000
2.73000000,2.32750000
2.90700000,3.22350000
0.37800000,-3.02750000
-1.46400000,-4.58500000
1.26000000,3.85000000
1.48800000,-2.14900000
-0.66900000,-1.46650000
5.43000000,-1.92850000
-5.43000000,-1.90050000
-3.36000000,-1.03950000
-0.78000000,4.76000000
-5.25000000,-5.70500000
0.58800000,4.44500000
3.69000000,0.34965000
0.61200000,-4.51500000
-0.28860000,0.66500000
-3.69000000,-4.55000000
1.87500000,4.83000000
-0.12330000,1.12000000
-0.17520000,1.89000000
-5.10000000,-1.93900000
2.85900000,3.99000000
1.41000000,-2.67750000
-3.96000000,3.17450000
-4.65000000,-5.60000000
-4.05000000,-2.40800000
2.76900000,3.26550000
-1.89900000,0.89950000
-3.06000000,2.97150000
-2.03700000,1.87600000
-2.33100000,-4.65500000
3.12000000,-3.95500000
-0.43800000,0.46200000
3.21000000,-4.83000000
1.38600000,6.61500000
4.35000000,-4.34000000
-4.74000000,-1.23200000
0.63300000,5.98500000
-3.72000000,0.35000000
-3.21000000,-2.17700000
-1.42500000,-3.57000000
-2.95800000,-4.44500000
-1.95300000,1.29150000
-5.25000000,2.52700000
-2.98500000,-3.27950000
-2.25900000,3.85000000
-0.95400000,1.10950000
0.29430000,1.62750000
-4.92000000,-3.67500000
-0.57900000,-1.00800000
3.18000000,-0.81200000
-3.33000000,-2.28550000
0.50100000,-2.77550000
-0.39300000,6.16000000
-3.75000000,2.99950000
2.82600000,0.86800000
-2.38200000,3.74500000
1.34100000,3.22000000
0.10380000,5.95000000
-0.58500000,4.58500000
4.05000000,2.29950000
3.69000000,1.60300000
-0.19710000,-4.16500000
-2.90700000,3.57000000
-2.13300000,1.62750000
-0.97200000,-3.60500000
1.84800000,-3.74500000
1.18800000,6.33500000
-2.03700000,-0.33495000
2.93100000,2.08950000
4.35000000,-0.65800000
-2.72100000,1.45600000
3.42000000,2.12450000
-4.35000000,1.31950000
-3.06000000,-0.10780000
-0.42600000,5.77500000
3.21000000,-0.15155000
-3.93000000,-3.16050000
5.25000000,0.05600000
-2.26800000,-2.37650000
-3.06000000,5.35500000
-0.07380000,-0.49350000
1.56900000,-4.83000000
-2.11200000,2.48500000
-4.77000000,-2.38000000
-1.26600000,-0.84350000
1.39800000,0.98350000
-2.01000000,-1.92500000
2.43600000,-2.62850000
-1.79700000,5.04000000
-1.04100000,-3.95500000
4.89000000,-0.87850000
3.48000000,2.96450000
-3.54000000,3.01700000
-3.81000000,-2.40800000
-5.55000000,1.90750000
2.49600000,-4.51500000
0.42900000,0.92050000
-0.69000000,3.78000000
-0.59400000,-1.87600000
-1.63200000,-2.70550000
-5.88000000,1.55750000
-7.11000000,-0.03500000
3.87000000,-2.29950000
1.99800000,-5.32000000
-3.33000000,-2.87350000
-2.04000000,1.09900000
-1.39800000,-2.97850000
-5.28000000,-4.09500000
-0.33300000,-4.65500000
-2.50800000,-1.77450000
-0.15870000,-0.05880000
5.43000000,-0.19145000
0.73800000,-2.68450000
0.90300000,-3.24800000
2.77800000,3.40200000
2.16000000,-0.53900000
-2.33700000,-3.99000000
0.87000000,2.06850000
-0.62400000,-2.26100000
-0.20790000,-4.55000000
0.57900000,6.02000000
-0.70200000,-3.40900000
2.04900000,5.60000000
2.79600000,1.75350000
0.82500000,4.13000000
-1.37700000,-3.88500000
2.39700000,3.48250000
-2.25000000,3.99000000
-2.85300000,4.86500000
1.75800000,4.02500000
3.93000000,-1.26000000
0.10350000,-2.41850000
0.75000000,-3.85000000
-1.78800000,-4.65500000
-0.33000000,-1.30200000
3.69000000,-0.34895000
-6.57000000,-4.55000000
2.12400000,3.36350000
-0.66900000,3.64000000
1.58400000,-3.64000000
-0.55800000,-0.32375000
1.97700000,-3.44750000
-2.78700000,-4.86500000
1.27200000,1.91450000
-0.98700000,-3.34250000
3.75000000,-0.51100000
0.92100000,0.42000000
3.48000000,-3.78000000
4.02000000,-2.21200000
-3.45000000,2.05450000
-1.86300000,4.06000000
3.42000000,2.84900000
-1.77900000,-5.53000000
-1.58700000,-3.57000000
-3.66000000,-0.37450000
2.71200000,3.64000000
2.43300000,7.00000000
-5.43000000,-2.25050000
-0.53100000,-5.07500000
-4.29000000,0.09835000
-1.73700000,2.76500000
-2.67900000,-4.44500000
-2.91600000,-3.71000000
-0.07140000,0.00142450
-0.89400000,-4.06000000
-0.36000000,-4.27000000
-2.31000000,1.27400000
-5.22000000,2.42550000
-3.57000000,-3.99000000
-2.64600000,-2.54100000
4.23000000,0.90300000
-0.10110000,-4.76000000
-3.75000000,3.44750000
3.51000000,1.56100000
0.99000000,-5.18000000
1.88100000,-0.22015000
1.22700000,6.16000000
-0.38400000,-3.99000000
-3.99000000,3.07300000
-1.87500000,-3.99000000
2.99700000,-3.92000000
-1.10100000,-3.64000000
-2.85300000,1.86550000
0.46800000,0.53200000
2.62200000,6.26500000
3.96000000,-5.18000000
-5.10000000,-2.95750000
-5.01000000,3.08000000
5.25000000,4.65500000
-1.64100000,-4.58500000
0.32400000,-1.06400000
1.80900000,6.30000000
-1.79400000,-4.72500000
1.15500000,-2.60400000
2.46600000,1.75350000
-3.03000000,-1.38950000
-0.07620000,-2.76500000
-5.28000000,-2.21200000
5.22000000,3.37400000
3.36000000,3.99000000
-0.69600000,2.19100000
0.39900000,-1.98800000
2.85600000,-6.65000000
0.76200000,-3.01700000
-1.20900000,-1.70800000
-3.57000000,3.99000000
1.54500000,3.09400000
-4.14000000,-2.89100000
5.10000000,-0.11760000
-3.72000000,-1.73950000
-2.90100000,2.07200000
1.00500000,-1.69050000
3.81000000,-2.36250000
0.60900000,2.15950000
-2.05500000,1.60650000
3.90000000,3.64000000
-1.60800000,3.95500000
-3.06000000,-0.51100000
2.10900000,-2.04050000
-3.63000000,3.50000000
0.99900000,-2.95750000
-0.76800000,-0.40250000
3.39000000,1.50150000
4.38000000,-0.49000000
1.00500000,6.82500000
-0.88500000,-4.44500000
0.41100000,-3.01700000
3.27000000,2.14900000
6.60000000,4.41000000
4.47000000,2.19450000
-0.61800000,-0.07245000
0.78900000,-5.18000000
-3.33000000,-1.22850000
3.72000000,2.12800000
-0.73800000,-2.58650000
2.18700000,5.21500000
5.25000000,-3.60500000
2.20500000,1.99850000
3.45000000,0.85050000
-2.97000000,0.80850000
3.75000000,-0.70700000
3.72000000,-4.65500000
-2.93100000,2.23650000
-0.56100000,-0.93450000
0.05250000,5.14500000
-0.57000000,0.58800000
-0.08250000,-2.03700000
-1.45200000,2.15250000
-0.00435000,-2.45000000
-4.11000000,0.52500000
1.18500000,-3.64000000
2.82600000,6.40500000
-2.11800000,-2.43950000
-3.24000000,3.46150000
-2.25000000,-3.08350000
-2.99700000,3.17100000
-2.20800000,-3.99000000
-3.66000000,0.29260000
-6.39000000,2.37300000
-4.53000000,1.34400000
7.05000000,4.23500000
-1.38900000,-3.53500000
2.38800000,1.48050000
3.96000000,-4.30500000
-2.08500000,-2.57600000
0.09750000,-5.11000000
-1.16700000,-4.20000000
-2.05500000,3.46150000
3.57000000,-0.97300000
-2.12700000,-0.91700000
3.27000000,-1.88300000
-0.01902000,-3.50000000
3.63000000,-3.05550000
4.74000000,-1.63800000
5.49000000,1.22150000
-2.98200000,3.99000000
0.42900000,-2.75100000
-1.69800000,-4.65500000
4.71000000,-3.18150000
-0.64200000,6.16000000
-5.43000000,-1.70800000
-3.03000000,-5.77500000
-0.70500000,1.23200000
0.68700000,5.70500000
1.50600000,-1.87600000
-2.14500000,-3.39150000
-0.15930000,-4.41000000
-5.52000000,-3.02750000
-3.63000000,2.72300000
-3.72000000,-0.03640000
1.32000000,1.39650000
0.22860000,-4.44500000
0.17520000,-2.23300000
2.84400000,3.44750000
4.86000000,0.19740000
-4.62000000,-2.16300000
-1.09200000,-0.28980000
1.13100000,6.02000000
-0.98700000,-3.00300000
-2.73300000,-3.17800000
3.18000000,-2.41500000
-4.17000000,-3.30050000
3.00000000,0.99750000
3.36000000,3.53500000
-0.86100000,-3.74500000
-1.77000000,-3.64000000
3.60000000,0.24185000
-2.14500000,0.30065000
4.38000000,-1.45950000
-6.24000000,-6.23000000
-6.00000000,-0.21840000
0.16350000,7.00000000
4.35000000,-1.77450000
2.40900000,1.22150000
3.06000000,1.77800000
-1.58700000,-1.24950000
-3.90000000,-3.78000000
-3.84000000,-3.74500000
3.27000000,1.04650000
3.57000000,-4.69000000
-0.64500000,-3.53500000
4.50000000,-0.21280000
2.69700000,4.90000000
4.08000000,3.01000000
-3.99000000,2.51650000
0.66000000,7.28000000
1.09800000,0.57400000
-1.01700000,2.82100000
0.84600000,-5.00500000
-1.16400000,-3.78000000
3.93000000,3.27600000
-0.80100000,-3.13600000
1.13400000,-0.21315000
-4.02000000,-1.46650000
2.34300000,3.18850000
1.55400000,4.93500000
0.67800000,-3.57000000
-5.97000000,1.92150000
0.39600000,-5.21500000
0.17550000,-1.32300000
0.29190000,-4.65500000
-2.98200000,0.67200000
-0.96900000,-0.74550000
1.93800000,2.72300000
-2.84100000,1.55750000
2.73900000,-5.60000000
-2.91600000,-3.78000000
3.39000000,-1.89350000
2.38800000,1.50150000
-0.06660000,-0.70700000
1.51200000,6.23000000
0.33600000,0.83300000
1.87200000,-0.99750000
-2.30700000,-5.11000000
-0.37200000,0.63350000
-3.60000000,1.59250000
-0.02505000,6.16000000
0.24270000,6.75500000
-0.07830000,-4.83000000
-1.17300000,3.85000000
3.30000000,2.11400000
1.71600000,-4.34000000
-2.23800000,-3.25500000
-2.61300000,-2.88750000
0.44400000,4.41000000
3.00000000,4.09500000
-0.38700000,3.06950000
-0.70800000,5.04000000
-2.95200000,3.60500000
-1.59600000,-4.09500000
1.83300000,2.27150000
-0.90000000,-3.64000000
1.09200000,-0.94150000
1.53900000,2.59350000
-0.26460000,4.09500000
-4.86000000,1.63800000
0.86100000,-5.07500000
-0.23460000,-3.85000000
2.49300000,4.72500000
7.26000000,5.25000000
1.00200000,3.64000000
-3.45000000,-1.90750000
5.52000000,4.13000000
-1.85400000,-1.77100000
4.32000000,0.96600000
-1.32900000,3.57000000
0.49800000,-4.37500000
-6.39000000,-1.21450000
-2.61600000,0.91000000
-3.18000000,2.85950000
6.15000000,-0.36750000
-1.69500000,-0.28770000
-5.64000000,-3.42650000
-2.48400000,-2.87000000
-3.54000000,2.56200000
4.38000000,2.27850000
-3.30000000,-4.09500000
7.29000000,4.86500000
3.72000000,2.89800000
-2.27100000,1.04300000
3.03000000,3.02750000
1.25100000,-4.48000000
-4.23000000,-3.57000000
3.99000000,2.88750000
0.25590000,2.76150000
2.43000000,6.75500000
4.11000000,4.34000000
-1.51200000,3.60500000
0.05370000,-2.45000000
-2.27400000,-4.23500000
-3.87000000,5.32000000
-0.56700000,-4.34000000
-1.36500000,1.72900000
4.89000000,-7.56000000
0.23640000,-0.34930000
2.09400000,3.57000000
5.70000000,-0.19775000
4.38000000,-5.63500000
-0.01800000,-1.12000000
-2.00100000,-3.13250000
0.35400000,-4.79500000
1.10700000,1.49800000
5.13000000,-1.01150000
1.35600000,-0.71400000
4.11000000,0.76650000
-2.06100000,-1.60300000
-4.47000000,-1.74300000
-1.68600000,-3.53500000
-0.74100000,2.71250000
-2.48100000,4.30500000
2.70600000,3.31450000
-1.44000000,0.17745000
-2.26500000,-3.81500000
1.07100000,2.26450000
1.43100000,6.40500000
-4.74000000,0.95200000
-2.40000000,-4.83000000
-0.46500000,-3.60500000
-0.03210000,-3.36000000
1.02900000,-3.99000000
-0.29610000,3.38100000
1.06200000,3.71000000
-0.31800000,-1.10600000
-4.89000000,1.02550000
1.34100000,-4.13000000
-3.42000000,-4.44500000
2.22000000,4.20000000
-0.57600000,3.64000000
1.94400000,4.93500000
0.92400000,-3.71000000
-0.83700000,-0.32480000
-4.29000000,-1.91100000
-2.59500000,-3.85000000
0.86400000,5.67000000
-5.10000000,-4.06000000
-0.44700000,2.85600000
1.15500000,-3.74500000
-0.53700000,-0.17220000
7.11000000,3.99000000
3.24000000,-0.46550000
-5.46000000,-2.96450000
-1.61700000,2.26800000
3.96000000,-0.50400000
1.83900000,-0.73850000
2.77200000,2.45350000
-2.42100000,3.47200000
1.31100000,8.22500000
1.21800000,-2.47450000
-2.70900000,0.35350000
-2.13000000,-3.05900000
0.10110000,-3.95500000
-2.67600000,4.37500000
-2.03400000,5.60000000
1.19700000,-2.07900000
-0.52500000,-3.18150000
-1.65600000,-4.13000000
6.42000000,-1.58550000
2.91900000,2.28550000
2.48700000,5.46000000
6.51000000,4.34000000
-2.68500000,-3.74500000
1.70700000,5.04000000
-3.15000000,-1.40000000
4.56000000,1.10250000
1.68000000,4.13000000
2.45100000,-3.29350000
-4.38000000,4.20000000
1.70700000,1.68350000
1.84500000,1.31250000
-3.57000000,-3.41600000
-1.52100000,1.24950000
-1.19400000,-4.48000000
4.14000000,4.44500000
2.79900000,2.48850000
5.79000000,4.93500000
3.30000000,-1.27400000
-0.89400000,0.55300000
1.88700000,-2.15950000
-4.53000000,-0.99750000
1.74600000,0.81200000
-0.97500000,-4.62000000
5.64000000,-1.01150000
1.49100000,7.80500000
-0.60600000,5.74000000
-1.91700000,4.37500000
-0.40800000,-4.93500000
1.59900000,6.16000000
-5.34000000,-1.32300000
-2.70600000,-1.26000000
-2.86200000,2.96800000
-0.06960000,-4.34000000
-3.06000000,-4.51500000
0.58800000,6.16000000
-0.36900000,-3.74500000
-1.44300000,3.81500000
4.35000000,1.39300000
-3.18000000,-5.39000000
-3.24000000,-4.09500000
1.46100000,-0.45500000
3.18000000,1.55050000
1.77000000,-2.78600000
2.41500000,-0.82950000
-0.34200000,2.96100000
-3.21000000,-1.07100000
-4.20000000,4.16500000
0.90900000,-4.72500000
-2.58900000,0.60900000
0.47700000,2.05100000
0.63000000,-4.41000000
-0.02094000,-4.02500000
-5.85000000,2.14900000
-4.17000000,3.81500000
0.52200000,-3.88500000
-2.69700000,-4.83000000
0.58200000,-4.44500000
7.29000000,3.04150000
2.52300000,-0.27160000
0.99600000,-1.84450000
2.94600000,-1.58200000
0.82800000,1.38950000
3.18000000,2.20150000
-3.69000000,-1.17600000
0.42900000,1.17950000
-1.18800000,4.23500000
5.79000000,-2.94700000
-4.80000000,2.38700000
-2.17200000,0.75250000
-4.59000000,2.37650000
-0.15810000,-2.61100000
-3.12000000,-4.34000000
-0.20760000,6.05500000
-4.44000000,-1.03950000
2.20500000,5.70500000
-2.79000000,2.65300000
4.29000000,-2.85600000
-1.88700000,-0.41300000
-3.03000000,-1.27050000
-1.86600000,2.81400000
0.08880000,4.20000000
-0.33900000,-0.68950000
4.32000000,-5.95000000
3.69000000,-5.42500000
-0.89400000,-0.85050000
-3.72000000,3.50000000
-0.48000000,-4.76000000
-2.92500000,-0.95550000
-0.52200000,-1.67300000
0.30600000,-4.76000000
-3.45000000,-2.26450000
4.47000000,1.34750000
3.72000000,1.54350000
-2.15100000,4.30500000
0.09870000,6.58000000
-0.36600000,-3.99000000
-3.39000000,-3.71000000
0.24090000,-4.02500000
0.67200000,6.12500000
-3.99000000,3.13950000
-3.03000000,-0.73850000
2.95500000,4.06000000
2.13600000,2.92950000
-1.00200000,5.70500000
-4.83000000,-1.36500000
5.31000000,0.38150000
0.78000000,6.68500000
0.42900000,-5.46000000
1.08600000,5.56500000
-7.23000000,0.91000000
3.48000000,2.09300000
-4.71000000,-6.09000000
5.13000000,-3.30750000
5.94000000,4.44500000
2.71200000,0.68250000
-3.96000000,3.85000000
-2.27400000,2.77900000
-5.79000000,1.83750000
0.90300000,7.03500000
2.46900000,-0.86800000
-4.53000000,-2.69150000
-0.21450000,4.93500000
5.67000000,-0.85050000
1.25100000,1.21800000
3.87000000,1.83750000
0.79500000,-3.71000000
0.99600000,-2.41500000
-6.96000000,0.30135000
2.30400000,-3.38100000
0.27270000,-4.86500000
-1.05600000,-1.71500000
3.06000000,3.41600000
-1.84800000,1.44550000
1.71600000,-2.84200000
-1.67700000,0.20790000
-1.41900000,-5.42500000
-0.99000000,0.29015000
1.05900000,5.53000000
-0.41400000,1.48750000
3.87000000,0.80500000
2.54400000,1.40700000
-3.27000000,1.85850000
-0.63000000,0.38500000
-2.94000000,-5.21500000
-1.94400000,-2.20850000
2.09400000,-2.29250000
0.61200000,-3.71000000
-2.29200000,0.76300000
1.96800000,2.95400000
2.02800000,3.12200000
3.30000000,2.59000000
3.24000000,-3.57000000
6.51000000,3.24100000
3.72000000,2.83150000
-3.42000000,-0.85750000
5.40000000,5.35500000
3.42000000,-0.26985000
3.81000000,-0.55650000
0.37500000,-4.34000000
-4.50000000,-4.27000000
1.97700000,3.74500000
5.16000000,0.10185000
-0.76500000,1.35450000
1.65900000,-0.55650000
7.02000000,3.95500000
2.01000000,4.02500000
-5.19000000,-0.84700000
4.62000000,-2.62150000
-4.44000000,2.59000000
-1.89300000,-3.03450000
-4.53000000,-2.19100000
3.72000000,0.95550000
-2.49000000,-3.78000000
-4.65000000,2.05800000
-0.52500000,0.22540000
-1.78500000,5.11000000
5.31000000,0.83650000
-3.84000000,-3.92000000
-2.14800000,-4.16500000
-3.75000000,-1.00100000
0.39900000,7.17500000
-4.23000000,-1.24950000
0.62700000,2.64250000
-1.44600000,0.31605000
-2.23500000,3.45450000
-0.92700000,4.06000000
-4.32000000,-1.25300000
-2.98500000,-4.86500000
-5.61000000,-3.85000000
0.79500000,-1.31250000
4.26000000,5.21500000
-2.62200000,2.51650000
1.49100000,-2.34850000
3.72000000,0.00822500
-0.77700000,3.48600000
0.03150000,-4.41000000
1.90200000,1.28100000
3.03000000,-3.27250000
-1.11600000,-3.88500000
-4.23000000,3.88500000
-2.55300000,0.66150000
-2.21400000,3.53500000
-2.70000000,3.00300000
-4.14000000,-3.78000000
-3.63000000,-4.27000000
0.65400000,-1.28800000
3.57000000,-4.37500000
-3.63000000,3.21300000
-0.84000000,-4.55000000
-2.74200000,1.48750000
-1.90800000,-3.45800000
-0.80700000,4.79500000
5.64000000,-3.95500000
2.03400000,1.17250000
-5.61000000,-4.62000000
1.92600000,3.18150000
-4.11000000,-0.61950000
4.23000000,5.70500000
3.87000000,1.70800000
-0.80400000,2.62500000
-2.10600000,-4.20000000
-0.21690000,-1.49800000
-4.17000000,-1.12700000
4.35000000,0.95550000
-3.06000000,-4.13000000
-3.06000000,3.14650000
2.22600000,2.60400000
-0.94200000,-3.44400000
-5.13000000,-4.44500000
-2.89200000,-4.09500000
2.72700000,0.41300000
1.53900000,5.25000000
2.98800000,5.11000000
-0.43200000,5.88000000
-1.66500000,-3.57000000
-1.71000000,1.75700000
-1.68900000,4.51500000
2.67900000,2.41850000
3.48000000,-2.68800000
0.41700000,-2.81050000
3.66000000,4.72500000
2.12100000,-2.72300000
1.85700000,5.77500000
-1.65000000,0.82600000
0.43500000,-1.45250000
-2.28600000,-3.88500000
-0.83700000,-3.71000000
-5.22000000,-1.82350000
-3.42000000,2.97150000
3.90000000,2.58650000
-1.18800000,-5.07500000
-5.82000000,-3.60500000
-0.44400000,-4.79500000
2.20200000,-0.74200000
-4.26000000,2.54800000
3.27000000,3.60500000
-0.37800000,-5.84500000
3.06000000,-0.91350000
3.72000000,-4.65500000
0.83100000,-1.13400000
-4.86000000,-3.13600000
-3.96000000,-0.51100000
-0.08250000,-4.97000000
0.48600000,-2.76850000
-1.63200000,-2.90850000
-0.63000000,0.59850000
-0.17400000,-3.16400000
2.98200000,0.25690000
1.00500000,4.86500000
2.24100000,-3.67500000
-4.08000000,3.41600000
-2.82600000,-4.02500000
3.21000000,1.79200000
1.67100000,-3.64000000
7.20000000,4.20000000
-4.68000000,-0.60200000
-0.66900000,5.77500000
1.60500000,4.90000000
-0.01878000,-3.35650000
7.59000000,5.25000000
-5.70000000,-4.62000000
-2.58300000,-3.01700000
-1.57200000,-3.81500000
5.97000000,4.13000000
5.01000000,0.30695000
2.46000000,-1.79900000
3.69000000,-0.20370000
-1.81500000,-5.32000000
3.60000000,-2.72300000
-5.19000000,-4.55000000
-1.04100000,-1.94600000
-0.28470000,-2.87350000
-4.32000000,-0.26110000
3.15000000,2.71600000
-2.10600000,-2.83850000
-1.48500000,-4.20000000
-1.41900000,0.29750000
-2.59800000,-0.68950000
1.70700000,-3.00300000
-4.26000000,2.18400000
3.24000000,3.23750000
-3.00000000,0.27300000
3.54000000,3.19550000
2.54100000,-2.13500000
4.23000000,-1.56450000
-2.26200000,4.16500000
4.83000000,2.03700000
4.56000000,-3.92000000
-3.03000000,-4.51500000
-1.62600000,-2.58650000
1.81500000,1.32300000
3.57000000,0.40250000
0.59400000,-4.93500000
3.93000000,-6.02000000
2.44800000,2.66700000
-1.34100000,-3.50000000
2.51400000,2.11050000
2.57100000,3.06250000
-0.83400000,-4.62000000
2.28000000,-4.06000000
-1.36800000,5.42500000
2.01300000,0.63350000
-3.54000000,1.47700000
2.81700000,-1.22850000
-0.74700000,0.08190000
2.55000000,2.54100000
-2.25900000,-3.78000000
0.88200000,-5.25000000
2.30400000,-3.20950000
-2.62200000,3.22700000
2.25000000,6.72000000
-0.96000000,2.47450000
-5.31000000,1.59950000
-4.32000000,-1.50500000
-2.43300000,-4.02500000
4.17000000,-2.20850000
3.81000000,-1.54350000
1.11600000,5.60000000
3.24000000,-3.48600000
-0.00987000,-0.27195000
-3.03000000,-4.30500000
6.39000000,4.06000000
0.69900000,-4.51500000
2.91900000,1.59950000
3.30000000,-4.09500000
-1.35900000,-0.25795000
-5.64000000,-1.58900000
-4.47000000,1.45250000
-4.20000000,-0.37450000
-3.21000000,-0.13650000
-1.81200000,-4.20000000
0.67500000,4.69000000
4.26000000,-0.51100000
0.81600000,-5.60000000
2.34600000,-0.48650000
1.98300000,4.20000000
-5.58000000,-3.41950000
-5.04000000,3.78000000
2.22000000,5.35500000
6.09000000,3.85000000
-2.78100000,-1.42100000
0.28950000,-3.85000000
3.15000000,1.58550000
-2.33700000,-3.64000000
-4.50000000,0.29645000
0.12960000,-4.86500000
0.58800000,-2.72650000
-2.92200000,-2.86300000
2.33400000,-2.42900000
-0.29340000,-1.48400000
-3.90000000,1.64150000
3.69000000,-7.70000000
-3.09000000,-3.81500000
-0.90600000,-4.27000000
4.17000000,-1.74300000
3.36000000,1.31250000
-2.09700000,-1.25650000
1.44600000,-2.28550000
-1.90200000,4.23500000
4.44000000,3.53500000
-0.39600000,-4.72500000
1.33500000,-4.83000000
4.56000000,-0.22855000
0.73200000,6.44000000
0.99300000,0.64750000
-2.43300000,-4.72500000
5.16000000,-1.56800000
-0.80100000,4.79500000
-2.13600000,-3.85000000
1.16100000,-2.79300000
-2.70000000,5.21500000
-0.05760000,-3.60500000
-1.87500000,4.83000000
-1.65900000,-2.40450000
-5.01000000,-3.06250000
6.54000000,4.23500000
3.39000000,5.18000000
3.69000000,-2.15250000
1.29300000,5.74000000
3.96000000,0.32480000
-5.82000000,2.91200000
0.92400000,-3.19550000
6.60000000,-2.32750000
2.40900000,4.72500000
3.90000000,1.94250000
0.01995000,0.04130000
3.54000000,2.68100000
-5.01000000,-5.25000000
0.50400000,5.95000000
3.42000000,-1.00100000
-1.86300000,-3.92000000
-3.57000000,-3.28650000
4.14000000,2.44300000
0.64800000,6.86000000
-0.90300000,5.91500000
-2.41800000,3.29350000
0.37800000,2.86650000
0.94800000,5.00500000
5.85000000,3.15700000
-2.06400000,2.48150000
-4.95000000,-2.53050000
-1.32000000,4.27000000
5.22000000,0.68250000
-2.33700000,2.36600000
0.45000000,-0.89600000
-0.51900000,5.56500000
-4.98000000,-2.77200000
4.11000000,5.07500000
-1.91700000,2.38000000
1.23300000,5.14500000
3.90000000,0.68600000
-4.11000000,-3.16400000
4.98000000,2.35200000
1.54200000,2.50250000
2.88000000,-3.15000000
3.48000000,-3.85000000
-2.40000000,-0.98700000
1.21200000,-3.03800000
0.26100000,-4.48000000
5.01000000,3.40900000
2.00100000,6.72000000
2.52000000,4.97000000
1.75200000,2.37650000
3.75000000,4.20000000
5.31000000,5.56500000
2.03100000,3.60500000
-0.85500000,6.93000000
0.94500000,-0.63700000
3.63000000,-0.46200000
4.35000000,0.95550000
4.71000000,-0.27510000
-2.30700000,4.72500000
-1.74000000,4.69000000
-4.14000000,-1.12000000
-0.30600000,-0.45500000
-1.34700000,3.64000000
2.63700000,3.60500000
-0.67800000,-5.07500000
3.45000000,2.88400000
-1.57200000,-2.99950000
0.62100000,2.27500000
-4.08000000,-2.96800000
-0.69600000,-2.95050000
1.32900000,5.39000000
-2.10000000,-4.37500000
0.27420000,1.72550000
3.99000000,1.17250000
-3.63000000,-2.56550000
2.41500000,4.23500000
-6.12000000,-2.04400000
-2.56500000,5.04000000
-2.70300000,-3.95500000
0.24840000,-3.07650000
-4.38000000,2.29950000
-1.29900000,-3.95500000
-3.12000000,3.95500000
2.22000000,0.71050000
5.58000000,3.99000000
1.91100000,5.42500000
-1.74300000,2.03700000
3.63000000,-6.19500000
-2.83800000,3.57000000
-5.07000000,-0.61600000
6.00000000,4.48000000
-2.55600000,-1.04300000
-0.06300000,-3.81500000
-1.52400000,-2.42900000
0.06150000,4.30500000
-3.57000000,2.84900000
1.72500000,4.97000000
-2.22300000,3.42650000
-3.03000000,-4.76000000
-0.31800000,1.93200000
-5.88000000,-3.81500000
3.93000000,-0.83300000
-4.11000000,2.26800000
0.09030000,-3.12900000
3.15000000,-3.88500000
-0.34800000,-4.30500000
-2.98800000,-3.44400000
-3.75000000,-5.14500000
-0.83700000,-4.37500000
2.85900000,-4.55000000
0.19800000,-4.30500000
-1.30200000,6.93000000
1.34700000,2.26800000
2.62500000,6.37000000
-2.36100000,-0.39550000
1.97700000,-0.19950000
6.87000000,4.27000000
3.15000000,1.55400000
-2.49000000,3.47550000
2.58900000,-3.57000000
-2.22900000,2.39750000
2.74200000,0.91000000
-4.02000000,0.51100000
2.37900000,2.92600000
-1.23900000,-0.09625000
-3.15000000,2.52000000
-0.38700000,-0.21350000
-1.35000000,-5.56500000
-3.15000000,0.76650000
-4.98000000,-1.96000000
0.12840000,-3.64000000
0.75900000,-4.55000000
-2.50500000,-3.71000000
-4.95000000,-0.24220000
0.34500000,-1.55050000
1.22400000,0.23555000
-1.67400000,-6.05500000
0.22350000,-2.12450000
1.24500000,-3.50000000
-0.16560000,3.08700000
-3.42000000,4.06000000
7.29000000,4.58500000
-6.27000000,-4.27000000
0.68700000,2.14550000
2.66700000,-1.98100000
-2.11200000,5.11000000
-0.65700000,1.83400000
2.76900000,0.58100000
4.47000000,-5.35500000
-0.34500000,-2.51650000
0.13140000,1.87600000
-1.50300000,0.27545000
-3.78000000,-1.80250000
-2.01600000,-2.10350000
-4.20000000,-1.35100000
2.65500000,-1.30200000
1.20000000,5.88000000
3.96000000,-2.15600000
3.99000000,-0.28070000
0.36300000,6.02000000
0.06000000,-5.39000000
2.06700000,-0.65450000
-2.42100000,3.92000000
7.23000000,3.31100000
0.12390000,1.20750000
-3.39000000,-1.55050000
-2.63400000,-4.06000000
4.08000000,-3.71000000
-4.71000000,3.29700000
3.45000000,-5.46000000
6.21000000,4.23500000
1.49700000,-4.09500000
-1.70400000,-4.76000000
-1.58400000,1.03600000
-3.30000000,0.47250000
-1.01100000,1.95650000
-3.39000000,3.24800000
1.81200000,3.60500000
-0.05670000,-4.48000000
0.51900000,-1.49800000
0.53700000,6.33500000
-1.63800000,1.54700000
-2.17200000,-3.40550000
4.02000000,3.07300000
5.34000000,4.72500000
-0.16410000,-3.71000000
-5.01000000,-0.93100000
1.42500000,-1.33350000
0.21000000,5.95000000
4.41000000,-1.85850000
-9.27000000,-2.91200000
1.58700000,2.75800000
0.47100000,-3.26900000
-3.03000000,1.24950000
3.54000000,0.71400000
-4.83000000,-1.57850000
4.77000000,-0.33705000
0.97200000,5.88000000
6.18000000,3.92000000
-2.95200000,-2.82450000
-0.04290000,5.42500000
4.14000000,-3.57000000
-0.05250000,-4.23500000
-2.13300000,-3.95500000
-0.41100000,-4.06000000
0.78600000,-4.06000000
-0.78000000,-4.30500000
-2.50500000,-3.64000000
-2.63100000,0.92050000
-3.87000000,-2.63900000
-1.68300000,1.65550000
0.87000000,-1.68350000
4.02000000,0.34930000
-0.66300000,0.42000000
-4.74000000,-4.41000000
-3.00000000,-4.27000000
2.57700000,-3.33200000
0.05070000,-4.27000000
-0.86400000,1.34750000
-0.67200000,-3.57000000
2.79600000,5.00500000
2.69400000,-2.51650000
-5.79000000,-0.29960000
3.06000000,2.52000000
-0.20880000,-3.13600000
0.69000000,-4.02500000
0.11430000,0.58450000
-2.63700000,-3.41250000
3.42000000,1.72900000
1.38900000,3.27250000
2.78700000,-3.15700000
2.98800000,3.64000000
2.40600000,2.98200000
1.76700000,1.94950000
2.70300000,-3.33200000
-5.10000000,1.47700000
-0.44700000,-0.06475000
3.12000000,-4.09500000
-5.55000000,-1.21450000
-2.89800000,-2.19800000
-4.59000000,-3.53500000
1.45200000,-4.55000000
-1.44900000,4.06000000
1.20300000,-4.58500000
-0.71100000,-0.13230000
0.48900000,-4.58500000
-8.94000000,-0.56000000
-0.63600000,-0.54250000
3.93000000,0.52850000
-1.80900000,4.55000000
-6.09000000,-5.77500000
-1.46100000,-3.95500000
-3.54000000,-0.42700000
-0.27330000,-0.29540000
2.49900000,2.28550000
3.18000000,-0.19355000
-1.78200000,-4.23500000
3.81000000,1.05350000
2.33700000,-2.85250000
2.85000000,-0.10395000
3.15000000,-1.63450000
4.17000000,0.21315000
1.13700000,4.76000000
-7.80000000,0.75950000
-2.29500000,-3.95500000
-3.45000000,-2.30650000
3.63000000,0.68950000
4.32000000,4.83000000
-0.26850000,5.77500000
0.52500000,-3.10450000
-4.77000000,2.67050000
-4.35000000,-4.37500000
3.78000000,-0.63350000
1.80000000,-1.33000000
-3.09000000,2.38350000
-3.36000000,0.53900000
-3.99000000,-0.96600000
0.03420000,5.81000000
1.32000000,-2.72300000
3.54000000,2.04750000
-1.20000000,-4.79500000
-3.30000000,2.85950000
4.41000000,-7.17500000
-0.85200000,-3.57000000
-0.63300000,-1.16900000
-0.69000000,7.00000000
-4.74000000,-4.37500000
4.41000000,-1.09200000
0.18240000,-4.30500000
-3.30000000,2.24350000
-6.12000000,-3.42300000
1.03200000,4.83000000
-2.50500000,2.34850000
1.89600000,5.07500000
-5.79000000,3.36000000
1.46400000,4.58500000
4.05000000,-0.87500000
-2.70300000,-5.46000000
5.19000000,4.41000000
-3.66000000,3.92000000
-4.56000000,3.26900000
-2.88300000,-0.35700000
1.46100000,5.07500000
-2.64600000,-2.12800000
-3.72000000,1.13050000
3.21000000,2.26100000
-0.84900000,6.58000000
2.21700000,0.48650000
1.91400000,3.88500000
0.08130000,6.40500000
-1.38300000,-3.74500000
0.81900000,6.26500000
-0.79500000,5.98500000
2.56200000,-1.87950000
-6.33000000,-5.28500000
-3.63000000,1.24950000
2.44800000,1.07100000
-4.50000000,-2.90150000
0.44700000,6.93000000
-0.29370000,-3.53500000
-0.87300000,-3.00300000
-2.21700000,4.62000000
-4.50000000,0.98700000
-0.13170000,1.06750000
0.07140000,0.29260000
-3.45000000,1.42100000
3.42000000,3.03100000
3.99000000,1.42100000
-0.25590000,-3.92000000
2.73600000,-0.39900000
-1.99200000,4.13000000
-1.09800000,-5.32000000
-2.19300000,-3.17100000
2.68200000,-2.59700000
1.02600000,-2.45350000
-5.85000000,-0.56000000
-0.25980000,-4.79500000
-1.23600000,1.72200000
-1.68000000,-4.93500000
-0.06810000,0.57050000
-0.18330000,-4.90000000
-4.53000000,-0.94500000
-4.17000000,-0.41300000
2.96100000,3.00300000
-3.75000000,-2.29600000
-3.09000000,-1.47700000
-0.43500000,5.84500000
-4.83000000,-1.27400000
-1.26300000,-2.55850000
-1.76100000,3.53500000
1.26000000,7.35000000
0.95400000,2.17350000
0.75600000,-1.36150000
-1.95300000,3.92000000
-0.45900000,-4.27000000
0.66300000,3.31100000
1.28400000,-1.72900000
-2.04000000,5.88000000
5.13000000,3.85000000
-2.33700000,3.81500000
2.33100000,1.09200000
2.44200000,2.85950000
-5.34000000,2.86650000
2.03400000,3.36350000
-2.48100000,-1.77100000
-4.56000000,1.73950000
-1.82100000,-5.60000000
0.02595000,-3.21300000
-4.50000000,-3.99000000
-1.17000000,-0.73150000
-0.53100000,5.28500000
3.48000000,-1.24950000
-3.33000000,1.07800000
-0.88200000,-5.39000000
-1.54500000,3.41600000
6.66000000,4.58500000
4.32000000,-5.32000000
-3.72000000,-1.23200000
-0.80400000,-4.41000000
1.50300000,0.08785000
-3.09000000,0.53550000
4.56000000,1.43150000
-2.66700000,-3.09400000
2.69700000,-0.82250000
1.77300000,-1.49450000
-0.47700000,-0.42000000
3.78000000,6.02000000
0.77400000,-2.97500000
1.64100000,4.02500000
0.32400000,-4.23500000
-3.93000000,-1.23900000
4.83000000,-1.35450000
-1.06800000,-0.17955000
-0.41100000,-4.86500000
3.45000000,0.15260000
5.67000000,3.85000000
2.35800000,3.30750000
-1.35600000,-4.27000000
-1.69800000,-1.97050000
-1.19100000,-3.85000000
2.76900000,-3.57000000
-6.18000000,1.37200000
3.51000000,-4.90000000
2.92200000,3.06950000
3.33000000,-0.21980000
3.36000000,-2.64600000
-0.53400000,-0.83300000
2.40000000,2.31700000
4.29000000,1.74300000
4.77000000,-1.82700000
1.22400000,4.06000000
0.58500000,-1.03600000
3.78000000,-1.14800000
3.99000000,5.28500000
-2.92200000,3.67500000
-0.62100000,-4.79500000
3.66000000,2.91900000
-2.15100000,1.59250000
-1.79700000,-3.37750000
3.21000000,-0.77350000
1.36200000,5.18000000
0.12300000,-3.95500000
-0.41700000,0.46200000
-0.69000000,-3.57000000
4.23000000,0.31745000
-1.59000000,-3.30400000
-2.48100000,-2.64950000
-0.23370000,-3.38450000
3.24000000,4.76000000
0.52800000,4.30500000
5.04000000,-1.12000000
3.48000000,2.46050000
1.40400000,3.45100000
-1.91700000,1.82700000
2.14200000,-3.78000000
-1.25700000,4.90000000
-1.74300000,4.76000000
-3.18000000,5.21500000
4.74000000,0.72100000
-1.41300000,-3.21650000
3.93000000,0.59500000
0.73500000,-2.38350000
-2.17200000,-5.18000000
-2.75400000,3.95500000
-1.99800000,-3.85000000
0.40200000,-3.22700000
-4.56000000,-2.59000000
3.27000000,-3.85000000
-3.93000000,-1.74300000
-2.20200000,4.37500000
0.55200000,1.95300000
-1.37100000,-3.44050000
2.93400000,-4.65500000
3.93000000,2.19800000
0.89100000,-3.88500000
-3.81000000,-2.46400000
1.27800000,0.67900000
-2.90400000,-0.79100000
-3.18000000,1.73600000
-4.95000000,-7.17500000
-1.32000000,-4.55000000
1.33500000,0.47250000
5.01000000,-3.42300000
1.44900000,-4.30500000
-3.21000000,-3.88500000
-0.43800000,6.40500000
-2.85600000,0.00151200
-1.90200000,4.41000000
1.12200000,-4.86500000
-1.30800000,6.51000000
-3.63000000,-1.37200000
-6.09000000,1.25650000
-1.49700000,-4.58500000
0.93600000,-4.30500000
-4.71000000,-5.14500000
-3.66000000,0.61950000
-0.69900000,2.07550000
-1.09800000,-3.08700000
-1.54200000,-3.74500000
0.36900000,-4.34000000
2.94900000,0.71050000
-4.80000000,-4.62000000
-0.77400000,-3.71000000
2.12100000,3.31800000
4.86000000,4.16500000
-5.34000000,-2.03700000
3.15000000,1.65200000
4.20000000,1.31950000
-4.65000000,-3.57000000
0.74100000,1.43500000
-1.99800000,-4.69000000
-5.85000000,-3.15000000
3.96000000,-1.15850000
-4.11000000,-2.81050000
-3.21000000,-2.15600000
1.17300000,-0.31535000
-1.27500000,3.48600000
-2.30400000,-3.18150000
1.98000000,2.92250000
-1.45200000,-4.20000000
0.48000000,0.66150000
2.17200000,1.45950000
3.03000000,1.68000000
-4.02000000,-3.67500000
-2.18400000,-2.66000000
0.53400000,5.21500000
-0.19980000,0.22960000
-1.48500000,4.58500000
0.14670000,-4.76000000
6.36000000,3.74500000
0.28470000,-5.46000000
1.58100000,-3.95500000
3.57000000,0.39550000
-2.61600000,-1.61350000
1.20600000,-1.36500000
1.11900000,5.18000000
0.27570000,-0.53900000
3.18000000,-1.49450000
2.17500000,-1.89000000
-1.53900000,4.51500000
-2.68800000,0.72450000
2.80200000,1.25300000
-4.77000000,-2.68100000
2.78400000,5.07500000
2.10300000,1.97400000
1.13700000,6.09000000
-0.54300000,-3.85000000
-2.91900000,0.37450000
2.11200000,-3.18500000
-0.23700000,0.79450000
1.39500000,-4.41000000
-1.74000000,-3.81500000
1.76100000,1.12700000
-0.35400000,5.95000000
-1.54800000,-3.27250000
-2.62800000,3.22000000
-2.74800000,1.38950000
-5.13000000,-4.51500000
0.64200000,-1.57500000
-1.99500000,5.63500000
3.03000000,-3.92000000
2.92200000,3.14300000
-3.75000000,1.67650000
-2.18700000,4.79500000
-4.47000000,-0.77350000
5.64000000,1.13750000
-0.22200000,6.89500000
3.63000000,2.63200000
3.18000000,3.19550000
3.81000000,-2.39750000
-1.81800000,11.16500000
2.01900000,8.82000000
1.63200000,-2.94700000
-0.76500000,-0.49700000
-2.02800000,4.55000000
3.00000000,0.88900000
2.71500000,-3.47900000
0.42000000,-2.80000000
-1.88400000,-0.93450000
0.22350000,6.23000000
1.60200000,7.52500000
0.57300000,-4.51500000
3.72000000,-0.50750000
0.08550000,6.02000000
2.43300000,3.74500000
-0.47400000,-3.78000000
-1.94100000,3.78000000
4.95000000,0.14140000
-0.69600000,-4.90000000
3.39000000,-4.44500000
4.02000000,1.12000000
0.43800000,-0.52850000
-2.80500000,3.57000000
-0.32700000,-4.37500000
2.37300000,5.91500000
3.03000000,5.49500000
-2.58000000,-4.44500000
-1.59600000,3.42300000
-1.58700000,-4.27000000
2.49900000,-0.88900000
-1.06800000,-4.06000000
-1.41900000,-2.62150000
-3.09000000,-3.32500000
-2.96100000,-2.57250000
-3.39000000,-0.22190000
-2.04900000,0.48650000
3.54000000,-0.96950000
-3.93000000,-3.88500000
1.27200000,5.74000000
-0.46500000,4.51500000
-1.38600000,-0.65450000
0.01560000,0.84000000
2.92200000,-5.14500000
3.87000000,-0.42000000
-4.20000000,3.43000000
0.35100000,-3.74500000
-0.03810000,-3.92000000
-0.04800000,-1.56800000
-4.08000000,-0.90300000
4.38000000,-3.71000000
2.15700000,2.65650000
-1.24800000,-3.29350000
-2.89800000,1.70450000
-2.15100000,3.50000000
1.21500000,6.75500000
-3.72000000,-2.52000000
-1.47000000,-5.07500000
-5.79000000,-1.10250000
4.17000000,0.91700000
1.83600000,4.79500000
-2.87400000,2.84200000
-0.37200000,-3.92000000
-0.40500000,0.47600000
1.56600000,4.76000000
-1.44000000,-3.19550000
-3.69000000,3.11500000
-4.71000000,-0.71750000
2.17500000,4.86500000
2.84400000,4.93500000
-0.29460000,1.38250000
-1.81800000,-3.48950000
1.19700000,-5.18000000
-3.54000000,-3.14300000
-0.53100000,-3.92000000
2.62200000,-2.69150000
-4.32000000,0.32165000
3.09000000,0.11585000
-0.37200000,-3.32500000
-2.57700000,4.41000000
5.79000000,0.57750000
-5.10000000,-6.26500000
-0.92100000,3.28300000
-6.42000000,-1.66600000
5.13000000,4.09500000
3.66000000,-2.12450000
0.33600000,0.09975000
2.86500000,-0.80500000
2.54700000,3.17450000
5.76000000,0.15015000
3.54000000,0.28000000
-2.26200000,3.85000000
-0.96600000,-3.92000000
-6.18000000,-1.16200000
3.87000000,-0.52850000
-4.47000000,1.94250000
-3.45000000,-0.17430000
-4.47000000,3.09750000
3.03000000,0.89950000
-0.34800000,-4.76000000
-1.95900000,-2.56900000
2.40600000,1.50850000
4.41000000,-4.51500000
-4.20000000,-1.29500000
1.27500000,-4.23500000
-1.02300000,5.42500000
0.79200000,-2.11750000
-2.97600000,4.90000000
-5.52000000,-1.28100000
4.26000000,-3.85000000
-3.09000000,-1.24950000
-5.34000000,-3.74500000
1.73100000,2.19800000
0.86100000,-1.80950000
2.98500000,1.75700000
3.99000000,-2.46400000
-1.79100000,-5.60000000
1.81800000,-3.06950000
5.04000000,-1.65200000
0.09510000,-2.87350000
1.98900000,5.95000000
1.60200000,-2.67050000
4.92000000,0.60900000
-3.90000000,-2.90150000
-0.91800000,7.98000000
3.36000000,1.02550000
0.82800000,-0.76300000
-0.59400000,5.84500000
-0.38700000,-5.91500000
6.48000000,4.06000000
1.02300000,-5.00500000
2.40600000,0.46550000
1.63500000,-0.57750000
-3.33000000,2.29250000
1.05300000,-4.97000000
5.40000000,0.21245000
2.52000000,-0.61600000
0.11370000,-5.74000000
2.46000000,6.40500000
-1.61700000,4.93500000
3.15000000,-3.67500000
-2.11500000,0.45150000
-1.82100000,-3.12900000
1.65000000,2.99950000
-2.47500000,1.68350000
-2.21100000,-0.23695000
0.41100000,6.79000000
0.00885000,-0.43750000
-3.60000000,-1.57850000
1.36800000,0.97300000
-3.87000000,1.78850000
-3.60000000,5.00500000
-2.06100000,3.53500000
3.69000000,-1.72550000
5.91000000,-2.70200000
1.26600000,8.15500000
-5.94000000,3.06250000
-4.59000000,4.23500000
-0.55200000,-4.90000000
3.03000000,4.23500000
0.12780000,-4.13000000
-0.39600000,-4.79500000
-1.68000000,3.71000000
-5.52000000,0.32620000
2.21700000,2.35550000
-2.35800000,-2.24000000
2.06400000,-3.07300000
0.03210000,0.09030000
-3.12000000,3.27950000
-2.28000000,-4.41000000
-5.07000000,2.14900000
-0.06240000,6.16000000
-0.06210000,-3.99000000
1.67100000,4.83000000
-5.07000000,-4.20000000
3.03000000,-2.60050000
-0.94200000,0.06790000
0.92400000,-4.69000000
6.63000000,3.57000000
-2.28300000,1.30550000
-5.10000000,3.04150000
5.61000000,4.16500000
-2.45700000,-3.30050000
3.93000000,-1.98100000
-2.01600000,2.39050000
2.02800000,3.23750000
3.84000000,4.72500000
-4.71000000,-1.96350000
-3.03000000,1.44200000
1.24200000,0.49350000
1.14900000,-3.45450000
2.49000000,2.42200000
-2.84400000,-3.43700000
1.16100000,5.56500000
-1.95600000,3.99000000
-2.35200000,-3.67500000
2.49600000,4.65500000
3.54000000,-0.11725000
-0.57000000,-4.97000000
1.25400000,2.15600000
-0.50100000,-2.21550000
0.90000000,-4.13000000
6.60000000,3.27250000
0.01980000,-3.47900000
1.57800000,4.76000000
2.73900000,-1.30900000
2.31900000,-2.61450000
-1.56600000,-4.69000000
2.56200000,0.33215000
1.68000000,-3.67500000
-0.96600000,1.87250000
4.14000000,-0.85400000
-3.21000000,-1.59600000
-4.59000000,0.08785000
-3.48000000,3.60500000
3.66000000,-5.53000000
-0.23730000,-4.83000000
-3.30000000,-4.34000000
-3.06000000,3.09050000
1.35300000,-4.30500000
-1.87800000,-4.13000000
-4.29000000,-4.13000000
-4.65000000,-2.13500000
1.24800000,0.35000000
-2.25900000,-0.21525000
2.30100000,-0.86800000
1.93800000,4.30500000
0.36000000,-3.92000000
-1.40400000,-4.09500000
3.87000000,2.36950000
-2.04900000,1.46650000
-3.03000000,-5.35500000
-1.01100000,5.81000000
2.47800000,2.94000000
0.56400000,5.56500000
2.79900000,4.23500000
-5.61000000,-1.94250000
-1.96200000,-3.57000000
2.26500000,0.77000000
4.59000000,-6.33500000
-3.90000000,2.01950000
-3.63000000,-2.98900000
2.04900000,3.74500000
-3.66000000,2.90850000
-0.81300000,5.56500000
0.11970000,-4.48000000
-0.93000000,-4.83000000
2.76900000,0.86100000
2.97000000,-0.26670000
-1.38600000,-2.47450000
0.58800000,3.78000000
1.82400000,0.04725000
0.29130000,5.53000000
-5.13000000,-1.11650000
1.57800000,5.18000000
-1.89300000,-3.19900000
0.39000000,4.83000000
-3.06000000,-3.53500000
1.09500000,2.21200000
-0.20490000,-1.41400000
-3.24000000,-4.86500000
-2.14200000,-4.76000000
-4.23000000,3.81500000
0.84300000,1.20050000
-3.24000000,-2.14200000
2.23500000,2.38350000
-0.84600000,6.23000000
0.58500000,-4.44500000
-5.67000000,-5.95000000
-5.34000000,-2.12450000
3.15000000,3.74500000
-4.53000000,-0.67550000
-0.77700000,1.73600000
1.70700000,-1.88300000
-0.88500000,-4.27000000
5.13000000,0.07595000
5.31000000,4.72500000
-4.59000000,-6.02000000
1.68000000,1.71850000
-2.87100000,3.50000000
-4.65000000,1.32300000
0.47700000,5.28500000
-3.78000000,-1.76050000
2.57400000,1.39650000
-4.08000000,-1.13400000
-0.61800000,-4.02500000
-4.98000000,2.62500000
5.40000000,4.76000000
1.85100000,-2.04750000
7.02000000,5.74000000
3.36000000,2.14200000
-0.51300000,0.03675000
2.94900000,-4.58500000
0.92700000,-2.41150000
4.86000000,-0.45850000
1.56300000,1.31250000
2.46900000,3.64000000
-3.42000000,3.78000000
1.00500000,4.02500000
0.55500000,2.15950000
-3.30000000,4.06000000
-0.88800000,0.89250000
0.41700000,-2.66700000
-4.77000000,-4.76000000
-3.57000000,-1.85150000
-2.35200000,-0.02264500
-1.84200000,-5.00500000
-3.06000000,-1.06750000
0.31500000,-5.84500000
-3.03000000,2.68800000
-2.94900000,3.71000000
1.13700000,-2.64250000
1.89300000,-2.35900000
-5.01000000,-6.05500000
-0.30600000,-1.07100000
1.09200000,-3.00300000
-3.84000000,-0.01729000
5.10000000,0.00805000
-4.35000000,-0.71050000
-1.51500000,4.09500000
-2.18700000,5.25000000
-5.46000000,-2.46750000
-0.10140000,5.32000000
-5.31000000,-2.07200000
3.27000000,-4.79500000
1.58100000,-0.87850000
-2.51400000,2.25400000
6.54000000,3.95500000
0.16140000,-3.53500000
-3.69000000,-4.02500000
-1.87500000,5.77500000
-6.45000000,-3.00300000
0.96300000,1.04650000
6.18000000,-1.68700000
-4.17000000,-2.38000000
-2.09700000,2.64250000
1.65900000,5.39000000
0.53700000,-3.64000000
1.60500000,5.11000000
-0.78300000,0.71400000
-3.39000000,1.43850000
0.81300000,-0.13370000
4.92000000,-1.07800000
0.36300000,-4.55000000
-2.49600000,-4.65500000
0.94200000,5.39000000
1.43100000,2.76850000
3.18000000,2.67050000
-2.85300000,-4.55000000
-1.62900000,-0.07140000
-3.48000000,-0.99750000
3.33000000,0.71750000
2.30400000,-4.37500000
0.50400000,6.89500000
0.98100000,0.59500000
1.58100000,-3.57000000
2.10300000,0.08295000
1.80900000,-3.50000000
-2.50800000,3.35650000
0.86700000,2.09300000
7.32000000,-1.56800000
-2.85300000,-4.65500000
0.52800000,-3.88500000
3.96000000,0.76300000
-0.75300000,2.96100000
4.71000000,0.59850000
0.74100000,-3.15000000
-0.34800000,4.41000000
1.11000000,1.09200000
3.75000000,1.94250000
-4.71000000,-2.70200000
-1.20300000,-4.09500000
1.70700000,5.67000000
-6.12000000,0.45850000
-1.11600000,5.39000000
-2.81100000,-0.30100000
2.91000000,4.02500000
-4.44000000,-4.30500000
4.02000000,-6.30000000
-1.52700000,-4.93500000
-5.01000000,2.35200000
4.71000000,1.69050000
-1.18200000,-1.18300000
-3.42000000,1.06400000
-4.32000000,-1.76750000
-0.80400000,-5.32000000
-0.41400000,-3.60500000
-4.62000000,2.25050000
1.72500000,-0.66500000
-1.56000000,-4.09500000
2.69100000,2.59700000
4.50000000,5.25000000
3.39000000,1.15500000
4.14000000,-6.09000000
-1.03500000,1.31600000
0.14370000,-3.71000000
-3.39000000,-0.34090000
-2.82300000,3.41600000
-3.90000000,-4.09500000
-2.98500000,-2.91200000
-3.51000000,2.05100000
-0.64500000,1.92150000
4.38000000,-1.78150000
0.74700000,-5.11000000
0.56400000,3.19900000
-1.34400000,-1.23900000
-1.14300000,4.93500000
-3.66000000,1.99150000
3.48000000,5.18000000
6.36000000,3.85000000
-0.49500000,-2.43950000
2.03100000,0.37800000
1.76100000,-1.08850000
2.04600000,5.25000000
-0.14280000,-4.34000000
0.31500000,0.36050000
3.75000000,-4.37500000
0.19860000,5.67000000
-3.57000000,-2.70900000
0.49500000,-5.53000000
-0.21240000,1.53650000
2.55300000,5.11000000
3.27000000,2.10000000
2.53500000,0.02499000
-3.18000000,-3.08350000
0.88500000,-0.95550000
-0.11430000,-2.76850000
5.10000000,-1.93900000
2.47800000,5.25000000
6.75000000,-4.90000000
2.12100000,4.79500000
1.83000000,1.70800000
-2.20200000,3.08350000
1.48200000,-3.53500000
2.40300000,3.99000000
-3.51000000,-3.32500000
0.70200000,-2.87700000
0.91200000,-0.01375500
3.33000000,1.31250000
2.13000000,5.95000000
-2.93400000,3.25850000
-5.46000000,3.09750000
3.15000000,3.14650000
0.37500000,7.56000000
-1.70400000,-3.05550000
0.00155700,0.98700000
3.63000000,-0.94850000
-4.53000000,0.74550000
-0.31800000,-3.99000000
-0.08910000,-5.53000000
0.46500000,0.13055000
-6.09000000,-4.30500000
5.55000000,-1.95300000
-1.89900000,-4.13000000
2.50200000,-0.61950000
-2.40900000,4.37500000
0.96300000,5.53000000
-3.21000000,1.86900000
-2.59800000,2.62850000
-1.47000000,4.37500000
1.71300000,0.68950000
-1.86300000,5.32000000
-3.63000000,1.70800000
-3.30000000,2.83850000
-1.09200000,-4.90000000
2.56800000,-3.88500000
-2.13000000,1.62750000
0.70200000,3.35300000
-2.88000000,2.25400000
1.83900000,-0.22785000
2.60100000,-4.16500000
2.69100000,3.74500000
0.90900000,-4.13000000
-3.06000000,2.36250000
0.17940000,-4.41000000
-1.04400000,0.41650000
3.78000000,-8.36500000
-4.17000000,3.01700000
1.20900000,-3.48950000
-1.14300000,-3.35650000
-3.84000000,2.52000000
0.90900000,-3.29000000
1.83600000,6.30000000
4.53000000,5.32000000
-2.96100000,-3.02050000
-3.42000000,2.42550000
4.65000000,-1.63100000
0.30000000,-5.18000000
-5.34000000,-2.95050000
-3.45000000,-1.96700000
-1.69800000,-5.67000000
3.66000000,-0.37100000
-0.07260000,-4.48000000
-3.33000000,0.96600000
1.84800000,6.19500000
1.48500000,5.39000000
3.21000000,1.54350000
-0.51300000,-3.81500000
2.64900000,-3.50000000
4.11000000,-1.15850000
0.05640000,0.17920000
-3.87000000,-1.85150000
-1.97700000,-4.44500000
4.47000000,-0.02726500
2.43600000,-0.68250000
-0.12540000,-3.57000000
5.85000000,3.81500000
-0.33000000,-4.23500000
-1.14300000,-3.78000000
-0.50700000,-2.10350000
-2.07900000,3.33550000
-1.95300000,-0.36050000
0.69900000,-0.96250000
-1.66500000,3.17800000
-6.21000000,-1.82350000
6.99000000,4.23500000
-1.26600000,-0.84350000
4.05000000,2.36950000
-0.33000000,-3.18850000
-0.05970000,-4.62000000
-2.45100000,-4.16500000
-4.26000000,3.95500000
2.25600000,5.53000000
-2.47200000,3.85000000
0.13170000,7.10500000
2.16000000,3.46150000
-5.82000000,2.09300000
3.81000000,-1.81650000
-3.36000000,-4.20000000
-5.22000000,-6.40500000
0.26970000,-3.81500000
3.24000000,4.97000000
-1.18200000,-0.88550000
-2.57700000,3.09750000
-1.75200000,3.53500000
-3.30000000,-3.95500000
-4.17000000,-4.72500000
1.86300000,4.62000000
1.21500000,-1.94250000
-0.08160000,6.51000000
0.48900000,-3.95500000
0.40800000,-5.21500000
3.57000000,-5.84500000
2.71200000,3.39500000
2.46900000,-4.23500000
-0.73500000,-4.13000000
-3.69000000,-2.82100000
-1.83300000,-4.48000000
-2.63700000,1.74650000
1.00500000,6.96500000
-3.03000000,3.74500000
-0.98100000,2.14200000
-1.83900000,2.71250000
-5.61000000,-1.57850000
3.54000000,0.28665000
-4.53000000,-0.86800000
-5.37000000,-0.25480000
0.90300000,-4.51500000
-2.57400000,-4.20000000
2.97000000,3.57000000
1.79400000,1.69400000
-5.25000000,-6.72000000
-0.60300000,0.25410000
-3.18000000,-4.34000000
6.36000000,3.42300000
-0.51300000,5.88000000
2.88000000,-1.82700000
0.65400000,4.62000000
4.83000000,4.90000000
4.05000000,-4.30500000
4.08000000,1.68700000
-1.52100000,6.61500000
2.05800000,-0.66500000
3.57000000,2.07900000
-4.77000000,0.61600000
-1.41600000,1.43850000
7.08000000,4.65500000
1.68000000,5.95000000
3.18000000,-0.18585000
-3.81000000,0.64400000
-0.23550000,-4.06000000
0.71100000,0.12845000
-2.60100000,0.74900000
-2.83800000,-0.68950000
0.71100000,-4.41000000
2.25900000,2.73350000
-4.62000000,-2.24350000
4.02000000,5.04000000
1.18800000,-2.12100000
0.79500000,-0.63700000
-2.14200000,-0.56350000
4.71000000,-0.39900000
1.22700000,5.07500000
-1.37100000,-1.12700000
0.21900000,-0.00591500
-0.50400000,4.62000000
1.60500000,6.96500000
1.45200000,3.64000000
2.16000000,-1.10600000
2.80200000,1.12000000
2.76600000,3.25500000
-5.01000000,-4.41000000
-0.23100000,6.54500000
-1.16100000,0.36400000
-1.97400000,-4.58500000
2.04600000,-0.51100000
-2.46000000,-3.64000000
-0.66900000,-4.48000000
-1.68300000,-2.75450000
4.14000000,0.45850000
-3.96000000,0.13965000
-0.44700000,-4.20000000
-1.13700000,-5.60000000
2.29200000,-2.81400000
-2.97300000,0.39900000
3.12000000,2.85600000
-1.78200000,4.34000000
0.53700000,6.54500000
3.60000000,-0.74550000
-3.75000000,-2.41150000
1.65300000,3.22350000
-2.47200000,-1.64850000
0.15990000,-3.57000000
4.02000000,-0.09520000
2.14800000,1.70450000
0.60000000,-2.13150000
1.33500000,0.16940000
-6.75000000,-6.86000000
-0.30600000,5.49500000
-3.42000000,3.20250000
-2.91900000,1.73250000
3.84000000,1.30550000
6.00000000,5.98500000
4.23000000,-7.31500000
0.98400000,1.93550000
-1.02300000,0.59150000
4.35000000,4.65500000
2.35500000,0.55300000
-1.30800000,2.87350000
4.41000000,-5.04000000
3.15000000,2.27850000
-4.14000000,-0.52150000
-1.82700000,-3.20950000
-3.12000000,3.44400000
3.48000000,3.67500000
1.22700000,-4.02500000
-2.67300000,3.50000000
-1.70100000,-5.95000000
-6.30000000,-3.00650000
3.27000000,-5.56500000
-3.57000000,3.53500000
0.62700000,-1.59250000
0.84300000,-1.40000000
-4.17000000,-1.65900000
0.21660000,6.30000000
-2.45100000,-2.74050000
4.08000000,-1.44200000
0.39000000,4.93500000
1.21200000,0.03496500
3.54000000,1.16900000
0.25320000,6.02000000
0.45900000,-3.06250000
-5.01000000,2.83150000
2.49600000,1.54700000
-3.36000000,1.95650000
-4.65000000,3.67500000
2.00700000,3.43000000
2.79000000,2.27500000
2.34300000,1.45250000
-1.98900000,-5.14500000
-5.91000000,-2.35900000
3.21000000,-4.83000000
-2.66700000,-1.45950000
1.68900000,0.47950000
-1.59300000,-4.44500000
-1.11000000,5.18000000
4.38000000,-0.38850000
3.45000000,-5.91500000
-2.46300000,-2.99250000
4.11000000,-2.80000000
-0.66600000,8.64500000
-0.31200000,-4.02500000
1.65900000,-2.85950000
-1.01400000,-3.18500000
-1.55400000,-3.19900000
3.63000000,1.23900000
1.03500000,-3.11850000
3.09000000,-0.29225000
-2.77200000,-0.35700000
-4.68000000,-3.85000000
-2.20200000,-3.81500000
-1.51800000,-3.81500000
-0.80700000,5.60000000
3.36000000,-4.27000000
-1.55700000,-3.50000000
-0.86400000,1.06750000
3.36000000,2.87700000
2.29200000,6.93000000
1.27200000,1.64850000
-2.24700000,4.41000000
2.01000000,2.74400000
-0.94200000,-3.21650000
-0.09420000,-3.53500000
1.63200000,4.27000000
-0.48600000,-1.16900000
-3.12000000,-0.45850000
3.69000000,7.66500000
3.78000000,-4.79500000
-1.92300000,1.80600000
-4.95000000,-2.55850000
0.30600000,-3.60500000
-0.48600000,6.44000000
-0.72900000,-4.34000000
-4.71000000,2.20150000
0.29040000,-0.78750000
1.96500000,3.99000000
-0.63300000,-2.22950000
2.85600000,2.92600000
2.71200000,4.02500000
1.87200000,3.85000000
-2.70900000,-3.45800000
1.69800000,-3.41950000
0.43500000,-2.19100000
3.15000000,2.68800000
-1.74900000,-2.60050000
0.70500000,-3.71000000
-0.11640000,-3.44400000
0.89400000,-2.90150000
-3.93000000,-2.19450000
-1.92000000,2.46750000
-2.93400000,-3.67500000
1.06200000,-4.16500000
-4.26000000,-2.15950000
-0.56400000,-4.44500000
1.76700000,2.49900000
-2.37000000,-2.88050000
-0.72300000,3.13950000
4.77000000,6.02000000
2.16000000,2.36950000
-2.26800000,-3.30050000
1.48500000,-0.98350000
-0.66600000,0.54600000
-5.22000000,3.41250000
-1.17600000,-4.44500000
-2.26500000,-2.65650000
0.76500000,1.44200000
0.94200000,6.44000000
-0.07650000,-4.55000000
7.11000000,3.74500000
0.74100000,-3.36000000
-0.21030000,-4.30500000
-6.30000000,-3.71000000
1.78500000,3.57000000
1.89900000,3.15350000
-4.56000000,-3.47550000
3.33000000,1.99500000
-0.41100000,5.04000000
5.37000000,-1.60650000
4.26000000,-0.72800000
1.61400000,-4.86500000
-0.36900000,6.51000000
-4.11000000,-0.74550000
1.78200000,6.30000000
-1.35300000,6.02000000
-2.91900000,2.49200000
1.13400000,3.45450000
-4.89000000,-1.27050000
0.52200000,6.72000000
-0.64200000,-0.82250000
1.58100000,1.78500000
-4.20000000,-0.64050000
0.15870000,5.32000000
-4.56000000,-2.30300000
3.60000000,-5.77500000
3.60000000,1.11300000
-3.12000000,-4.97000000
-2.24100000,1.63800000
-3.69000000,-3.41950000
-1.31100000,-3.44400000
-0.62100000,-2.60750000
7.92000000,3.38100000
1.54200000,5.32000000
3.15000000,-1.26700000
3.84000000,3.15700000
1.41600000,0.34265000
-3.36000000,1.72900000
-5.49000000,1.32650000
-1.87500000,-2.36250000
0.28470000,-2.98900000
1.91100000,3.44400000
-6.39000000,-6.47500000
-0.97800000,0.26915000
3.54000000,4.76000000
-1.74900000,-4.72500000
3.75000000,2.77900000
6.12000000,-1.61700000
1.12500000,4.34000000
0.42300000,0.33145000
5.19000000,5.88000000
-3.87000000,3.11850000
-3.87000000,-3.99000000
-1.29600000,3.95500000
-0.20310000,6.09000000
-3.42000000,-3.24450000
3.78000000,1.06750000
-0.97500000,3.39150000
-1.35600000,-2.50950000
-1.56900000,-4.58500000
-3.27000000,1.52950000
-2.53500000,-0.00903000
3.12000000,0.31815000
0.40500000,0.18620000
-4.02000000,2.81750000
1.89600000,6.09000000
2.03100000,3.37400000
-0.94500000,-4.55000000
3.03000000,5.35500000
-5.76000000,-5.25000000
-2.60700000,4.83000000
0.28890000,-4.83000000
-1.54800000,2.90850000
1.38900000,1.74300000
3.24000000,2.39050000
2.68800000,5.53000000
1.52100000,3.57000000
-2.51700000,0.38850000
-5.61000000,-2.73000000
3.57000000,-1.41400000
2.06700000,-1.77100000
6.75000000,4.23500000
-3.30000000,2.57950000
2.98800000,0.78750000
-1.35000000,-3.24800000
-0.41400000,-4.79500000
-4.05000000,-4.16500000
-1.84500000,-3.39500000
-2.56500000,4.27000000
4.29000000,-1.28100000
-1.05300000,-3.50000000
0.57300000,6.79000000
-1.45800000,-3.10450000
-2.17800000,-4.09500000
2.28900000,4.02500000
3.69000000,-0.02964500
-0.10260000,0.50750000
1.56300000,1.96000000
1.24800000,6.51000000
0.90300000,-4.09500000
-3.36000000,-4.86500000
-5.43000000,-3.47900000
3.45000000,-1.57850000
-4.53000000,-0.96600000
0.81600000,2.84550000
3.36000000,3.01700000
1.98300000,0.05145000
2.73900000,-1.11300000
-2.87100000,0.13650000
-4.38000000,2.07900000
0.36900000,-0.99050000
0.36600000,-0.14350000
-5.49000000,2.10350000
-2.25300000,-4.79500000
-4.65000000,-0.46200000
-1.54200000,-4.23500000
1.57200000,0.99050000
4.62000000,-0.91000000
-5.28000000,-5.53000000
-1.20000000,-4.02500000
-2.47200000,3.00300000
-2.96400000,-0.66850000
3.09000000,2.81750000
-4.38000000,3.88500000
-1.43700000,3.18500000
-1.01100000,-5.07500000
0.44700000,-1.03250000
1.64400000,-3.35650000
5.37000000,-0.35700000
2.41200000,2.10000000
2.25300000,2.12800000
1.05300000,-3.37400000
1.41900000,-3.88500000
-3.24000000,3.11500000
1.68300000,6.09000000
-3.33000000,0.00602000
-2.58600000,-0.21455000
2.21100000,-0.64050000
3.30000000,1.77800000
-1.68000000,-3.92000000
2.14500000,4.55000000
0.91200000,5.63500000
-0.76200000,1.41050000
1.68600000,0.60200000
3.54000000,4.97000000
1.41300000,4.86500000
7.02000000,4.13000000
-0.71700000,-2.16650000
2.96100000,0.90300000
-2.35500000,-3.88500000
-4.38000000,-3.18150000
1.43400000,1.61000000
-1.32900000,6.51000000
5.94000000,1.45950000
1.37400000,-0.54950000
-0.17220000,-0.72800000
-1.52400000,-5.95000000
3.45000000,5.21500000
0.41100000,-0.86450000
4.44000000,6.23000000
3.24000000,0.30800000
0.20430000,-2.66000000
0.26340000,-3.78000000
0.29520000,2.20150000
0.12090000,-5.28500000
-1.12500000,-4.86500000
-5.40000000,1.85150000
3.00000000,-0.12145000
1.04100000,1.44900000
-5.19000000,1.96700000
-2.08800000,-4.20000000
2.17500000,4.65500000
-2.45100000,-3.88500000
1.95000000,6.51000000
-1.56000000,-5.32000000
-0.48600000,-0.07805000
-1.85400000,-4.20000000
-0.07920000,-3.33200000
-0.17130000,-5.25000000
1.22400000,-2.32400000
4.02000000,0.95900000
-0.03600000,4.97000000
0.80700000,5.67000000
-1.50300000,-5.00500000
3.03000000,-3.67500000
-3.12000000,-0.70000000
2.62200000,-4.93500000
1.29300000,-4.65500000
4.77000000,-0.38850000
-0.51600000,-4.58500000
-5.67000000,-1.46300000
-5.16000000,0.49700000
0.81300000,1.33000000
3.60000000,-2.38000000
2.15700000,0.27335000
-1.91700000,4.48000000
-0.82800000,3.67500000
1.13400000,-1.96000000
-2.70900000,-0.28770000
-5.40000000,2.36600000
2.46600000,0.67200000
-1.68900000,-0.57400000
-1.16100000,0.91000000
-1.43100000,-4.37500000
-5.70000000,-5.11000000
1.11600000,-2.83150000
1.45200000,3.64000000
1.65900000,-0.60200000
3.45000000,2.21900000
3.81000000,5.60000000
0.66000000,-4.76000000
-1.86900000,-2.57950000
-3.69000000,-1.07800000
4.68000000,-1.28450000
2.13900000,3.31800000
0.90900000,-0.50050000
-4.11000000,-0.43050000
3.57000000,3.48950000
-0.78600000,5.98500000
2.47500000,-4.48000000
7.53000000,4.55000000
-3.03000000,-2.69850000
-0.31200000,1.68000000
2.79900000,-4.34000000
-0.39600000,5.88000000
2.94300000,0.91000000
0.22110000,0.43400000
3.03000000,-3.44400000
-0.61800000,-1.65900000
4.71000000,5.00500000
-4.29000000,4.41000000
7.71000000,3.46150000
2.22900000,-4.13000000
-1.15500000,-2.56900000
-1.56300000,2.54100000
0.52800000,6.79000000
0.29010000,-4.90000000
3.66000000,-0.06020000
0.40800000,-4.76000000
-3.99000000,-1.37200000
1.16100000,-0.00228550
7.53000000,3.15350000
2.65800000,-1.02200000
-2.33700000,-4.20000000
1.11000000,-0.17955000
-1.48800000,-3.81500000
4.14000000,2.62150000
3.21000000,1.53300000
-0.94800000,-4.76000000
-0.05520000,-3.95500000
3.93000000,-3.78000000
-0.12990000,2.11750000
1.33800000,-3.74500000
2.79900000,-0.96950000
3.99000000,5.95000000
-5.58000000,-5.14500000
-1.38900000,-4.20000000
-3.24000000,-0.20790000
-2.64000000,-4.44500000
0.02706000,-1.51900000
4.14000000,-4.76000000
-4.77000000,-3.50000000
1.87200000,-4.58500000
1.46100000,4.65500000
1.96500000,6.02000000
-0.04800000,-4.41000000
3.54000000,-3.20950000
-0.43500000,1.64850000
3.39000000,-0.04060000
-0.00882000,1.79550000
-0.01545000,6.12500000
-1.30200000,-4.06000000
3.06000000,-2.18750000
-1.61100000,-0.78050000
-1.57800000,4.16500000
-4.26000000,-4.90000000
3.12000000,3.25500000
-2.53500000,-1.31950000
-5.34000000,-5.21500000
3.54000000,5.21500000
-3.24000000,0.39900000
4.08000000,0.90300000
1.52400000,-1.15850000
-3.18000000,3.60500000
-4.65000000,-5.14500000
-0.22800000,-3.92000000
0.18120000,5.74000000
0.96900000,-2.78600000
-4.02000000,-1.61700000
-5.28000000,-3.16050000
-1.01100000,5.18000000
-2.15400000,-4.37500000
3.30000000,-1.30900000
-2.45400000,2.28900000
-3.21000000,4.06000000
-4.62000000,-2.09300000
-5.46000000,3.16400000
-1.61700000,1.02200000
-0.25170000,3.50000000
3.42000000,2.26450000
-4.53000000,-4.06000000
-5.94000000,1.20750000
0.50400000,-3.71000000
2.91300000,2.24000000
3.09000000,-3.92000000
2.32200000,2.15950000
4.23000000,1.11650000
-2.44500000,1.16900000
4.41000000,4.86500000
-2.79600000,-4.02500000
-0.16110000,-5.32000000
1.10400000,-2.99600000
-4.89000000,0.35350000
1.28100000,6.96500000
0.81300000,-2.06850000
2.16600000,0.53550000
-1.33800000,-4.48000000
2.80200000,0.90300000
-1.21200000,0.62300000
-0.92400000,7.66500000
-1.43100000,2.36600000
-2.02800000,2.78950000
-4.74000000,2.82450000
-2.71200000,-0.71050000
-4.41000000,-0.74200000
-3.84000000,-1.89700000
1.41600000,4.79500000
-2.50200000,-0.90300000
-6.27000000,2.11400000
3.45000000,-3.53500000
2.35800000,3.00650000
3.33000000,3.46150000
1.26600000,-3.26900000
4.14000000,4.37500000
-3.93000000,3.20600000
3.66000000,1.96350000
-3.09000000,-3.00300000
1.26900000,6.09000000
-1.14000000,-4.44500000
-1.74600000,-2.63200000
3.81000000,2.71250000
0.26790000,-3.85000000
0.78000000,-4.09500000
2.47200000,2.05450000
-4.59000000,0.46200000
-3.15000000,-1.33700000
-0.79200000,-2.68800000
-2.03400000,-4.62000000
-2.66400000,-5.56500000
-2.52000000,-4.06000000
0.32700000,5.77500000
1.11300000,-4.30500000
0.31500000,-0.72800000
-1.75200000,0.32795000
4.89000000,1.66250000
2.22600000,5.46000000
-1.78800000,-3.46150000
0.54600000,-0.28805000
0.03840000,4.51500000
7.65000000,4.90000000
-3.45000000,-1.77800000
0.05370000,-3.53500000
-2.88300000,3.50000000
-1.56600000,3.06950000
-0.18540000,1.25300000
0.63900000,-2.63200000
-3.72000000,-3.21650000
0.57600000,6.79000000
-3.18000000,-3.74500000
-2.46000000,-2.66000000
3.87000000,-4.16500000
3.84000000,-0.61600000
0.16290000,-3.38450000
-3.12000000,-3.74500000
1.70400000,0.85400000
-4.89000000,-4.62000000
1.54500000,7.73500000
4.38000000,-0.16275000
1.80900000,-0.37800000
3.90000000,2.62150000
-0.36300000,-1.74300000
-0.60000000,-3.57000000
-0.24420000,7.63000000
0.89700000,5.46000000
4.05000000,-5.28500000
3.00000000,-0.31395000
3.54000000,2.08950000
1.25400000,-2.48850000
-1.45800000,-5.35500000
4.26000000,6.30000000
2.53200000,-1.40700000
-2.99700000,4.20000000
-0.18990000,-2.44650000
-2.59200000,-5.46000000
2.28600000,0.43750000
4.35000000,-4.37500000
3.09000000,-1.33700000
-0.67800000,-3.71000000
1.39200000,-2.77200000
4.62000000,-1.17600000
-4.02000000,3.04150000
-4.68000000,-1.15150000
5.88000000,4.58500000
-3.63000000,-3.26900000
-2.05500000,2.54450000
-0.34200000,-0.51450000
4.62000000,4.34000000
0.93000000,1.99500000
-1.79400000,4.27000000
-0.46800000,-4.06000000
0.06570000,-1.35800000
-0.26280000,0.89250000
-4.08000000,3.10450000
1.95300000,-3.78000000
4.29000000,-4.23500000
-1.94400000,-2.49550000
-5.01000000,-0.74200000
3.72000000,2.76500000
-1.24200000,-4.48000000
2.43300000,-5.77500000
-4.80000000,2.75800000
0.53100000,-3.74500000
-5.40000000,-4.41000000
0.27810000,-3.57000000
-3.60000000,2.30650000
-0.07890000,-4.72500000
4.98000000,-1.34400000
-1.27200000,7.03500000
0.46200000,2.20150000
1.53600000,-1.71500000
