2.19941174,-5.77970571
-4.88020594,-5.11005894
-0.97997059,-6.02358829
-3.51441191,-1.44964688
4.48773553,-5.77729394
6.12426400,-5.64788235
6.52594174,-0.20735259
-2.10694076,2.34247094
-2.01747041,0.26182376
-5.23926456,-6.91776476
5.49311738,-0.72923547
-4.95658829,-2.01135253
0.65317671,5.71135218
-8.07120582,4.33600035
6.01376524,-3.00541194
-2.98947053,4.86647035
0.67826485,-3.55817635
1.06873547,5.97288241
-5.43849991,-6.17164700
4.89420632,-7.11641176
-4.38397038,-3.66735300
2.61029412,6.97035306
-2.11252909,-5.34400000
5.80041144,1.22935306
4.37585271,-4.86505888
-1.71064668,-1.06411741
7.87561753,1.68894153
-5.48302953,3.24558841
3.85332353,0.84717606
-0.54420562,4.00505876
-5.84455871,4.24170553
-3.44358826,4.16600035
6.19041174,-7.19776471
1.44773506,-1.50894076
-5.89076456,0.64305924
-6.17591185,-0.86552971
-5.45385294,4.79194100
-2.86955888,4.96870600
-4.22661771,-6.60182347
0.02482335,-5.56441182
-2.45464729,5.17829447
6.25526518,4.09352918
-5.30352962,-1.59970629
0.85155891,4.33829453
-5.59655897,-2.82799976
3.24020565,5.35847024
-7.36155879,-1.67011753
-5.00452962,0.52952935
-5.26897071,-0.72011788
-8.00514715,-5.42470594
7.01261812,-1.55417676
6.00870650,0.04529435
-6.34614697,1.78623512
-1.33058794,-1.77217641
4.85029424,-0.10917665
-5.33170588,2.44294112
-2.68588256,4.55558865
-3.28061765,-0.27794153
5.61041259,-5.03147082
-4.73591165,-5.06917665
-0.24867609,-2.78670594
6.16902968,2.23658841
-2.55344121,3.89911788
4.74249985,0.17288206
-2.17288209,5.82588288
-3.16020606,5.10347076
0.68382353,-4.57552924
-4.94776468,-5.96517629
-5.55058826,-1.88117624
5.98673562,2.23023535
-4.43391194,1.64147053
-3.66267665,-3.29147071
4.07308779,3.33135271
-8.07088247,-0.06576447
0.14185288,-6.71747053
-6.14226488,-0.96376488
-4.36308826,-0.08041200
4.85002944,-1.66517641
0.75391165,6.58741129
-1.92800006,0.19888218
-4.38688256,-1.99170553
-6.83485300,-5.92588224
-5.75999988,0.12558794
-2.83402926,3.57305906
-4.05005871,2.29364729
-1.60541221,6.19305959
-0.24888253,-7.55635294
-7.66532359,-7.14394112
-5.19167641,-5.66929400
-6.25344109,-2.15429418
-4.22352959,4.83052959
3.45723500,5.44452982
-1.79644147,2.09364676
-3.41982359,2.64429429
-0.12173553,-1.27435300
0.63405924,-2.07811782
-1.37570550,0.79147071
-4.11550006,-3.48235276
4.44164679,-0.74147035
-3.88605903,-0.69847018
-2.99694106,3.47735324
6.88552856,1.38288253
-6.13905874,1.55329447
6.48217594,-4.21847041
-1.38614700,3.28600000
1.83973515,-6.54276476
5.14617562,-4.31388229
4.90967606,-5.31094135
-6.10232365,1.70400012
-7.59623538,-3.35717641
1.60888224,-6.61864694
-3.31038218,5.00417641
5.07503015,-3.17364724
5.38420553,-5.86758829
-5.66167629,-5.00476476
-2.31826512,-3.02170606
1.95114674,-2.23741147
2.28435291,3.32058806
-5.70726462,3.78935329
-6.70597053,6.16723453
3.78452974,-0.26564741
-2.41158788,-1.65211759
0.09229412,-4.93811753
-7.38658815,-3.53041165
2.75755850,4.35835265
6.13602941,3.38258812
2.03455847,-3.83570594
2.21673494,0.77329388
0.84208859,1.91941206
-1.96897079,5.44782394
2.09014712,-1.29941153
4.19802947,-5.18147053
-7.53358818,-2.89958818
-5.39335274,-7.00652941
-4.72520582,-4.96070594
6.08838250,-5.80976465
-4.28514726,-4.45482365
0.21491197,-4.44376465
-3.30150021,-6.57858818
0.26085259,-2.33011765
-5.80676450,0.35105894
-0.18276438,-4.07717624
-5.95649988,6.84229412
-5.72623532,-4.98882341
1.31194082,-5.75623547
-0.09347085,-5.08376494
4.71726450,-3.13058829
-8.03623535,0.51400041
6.38164744,0.54629429
-0.46250018,7.75394035
-7.23144126,0.77252918
-0.00538276,-0.81605888
4.87320574,-1.28388259
7.80905871,8.35435218
-3.64517662,1.32335259
-8.89323526,-5.50435276
5.28196985,2.56317676
-7.20773541,-1.80235288
-0.26541138,4.52970618
-3.38979429,-2.74970606
0.56138253,2.96900041
-6.17214697,-6.64294118
-3.59752924,2.60470582
4.92111744,-0.65929371
0.91923524,0.09058782
-6.17885276,-5.06170612
5.73711800,-0.06535247
-6.17376485,0.86570559
2.48173524,-6.88088224
2.49888253,6.09788241
-7.78626476,-4.17388241
3.06008821,4.46052912
7.85329482,-4.37823529
-7.46235297,-0.31135288
-1.80070585,-3.39147053
-3.51894109,0.70047088
-0.13635253,6.38105865
-3.58317656,-0.34970629
-5.89197047,4.95041165
-7.47111759,-6.69858818
-4.71714694,-6.95935282
6.54632388,4.72158812
-4.41058844,5.09488276
-3.64923544,-3.79617671
1.71747094,-7.05305882
1.46011800,-1.88711729
7.42970544,-4.14741159
-4.71670576,-3.22617653
-0.97282321,-5.57135276
6.07976397,-5.47894106
0.39185288,1.17211735
5.05164741,0.69064688
-3.24649991,-4.93811753
5.36967559,-1.56547100
6.17429485,1.31888265
-0.08229424,-5.40876453
-4.82035288,-6.89294118
0.55802918,-5.79641182
-7.98200000,-0.97270559
5.06661809,-7.40305888
2.33594109,-1.33247018
0.53358818,4.29741176
1.43905909,-7.52911759
-3.37305900,2.34247094
-3.45097038,0.19929412
7.89344159,-0.60652971
-4.58867644,-6.58247059
-5.82217632,-3.67758806
5.89558859,-4.52388224
2.19744156,-1.32017606
-2.24158791,6.05694041
-5.69852941,2.11882376
-1.71167621,-2.32476447
0.67452912,-5.38052953
0.27997094,5.63558782
7.22823559,0.49470612
-5.81102932,-0.04029400
6.20194200,4.90023535
6.02879424,-0.97182329
-6.24723524,-5.04788253
4.96273535,-3.37676465
-7.58385288,-2.93123535
1.16047041,-7.41870588
1.11873491,1.34400041
-5.20841174,-2.31694118
5.39664774,-2.75794129
1.97214732,0.28935329
5.98635326,-3.92611782
0.70197071,-0.89523494
-0.42411803,-3.68705882
-2.11638238,-0.47235288
2.22426471,5.92423565
-8.21029418,-4.83847047
2.33523559,-0.33299971
-0.62976432,-5.56470576
-8.42526471,0.95117635
-1.35773512,2.61235318
4.88332324,0.69288276
-3.79770571,4.46288253
-7.32350003,2.13964665
-7.61414697,-2.80735282
-5.37055879,2.77347071
-9.19076471,-6.15188241
-0.59911750,7.68605847
4.64329438,-6.35564712
-4.57932371,-6.55170600
-6.09020591,6.11246982
6.04802929,3.73247035
5.50361724,-1.54594153
2.99652909,-6.12617629
-6.05208812,-0.19723512
-2.21738209,5.42229329
-6.37861768,5.94641112
5.20658785,-5.10935300
-5.94249994,5.40682265
-1.77302912,3.96264735
1.32158794,-0.15017612
4.88061794,-6.55335300
4.94232356,-6.86041171
5.77514647,-1.23170559
-1.41311735,-3.02735271
2.28355856,6.52782306
-1.48373503,5.34523459
5.90476541,-0.01952947
3.25197018,5.91411818
-5.24291185,-6.98429424
-6.42635300,-6.00770571
-1.01249965,-6.55941165
-8.10902944,4.01664735
-4.23626485,4.33488194
-2.15144079,-0.08717618
5.23929371,2.38511747
3.59588265,-1.74741141
-4.20194109,-4.62288218
0.03079403,-2.79405888
6.34094059,-6.68735300
-5.87285300,-7.48164706
3.65182315,-6.16388253
1.20861726,-6.41229406
0.78517688,4.97399994
-3.60035303,-3.14982335
-3.66914726,-2.49000012
5.82091209,3.89364712
5.14767635,2.08470600
-3.32152962,-4.39323518
1.38529429,-7.05317641
3.88717650,-6.36094129
2.40826506,1.20641194
6.10861744,2.35764718
5.53705912,-3.21958835
6.04917638,4.37447041
3.41458847,-3.27811747
-8.72529412,-3.86123524
5.55173447,-6.01670571
-7.89458824,-1.83970553
-1.41508844,-1.07370624
-3.40514688,2.56523494
-3.84297044,-4.39288241
-6.83617647,-5.18258800
-2.05408791,-3.35923541
-0.18285324,-1.09829441
6.46041153,0.45623512
-2.97399991,4.79729418
5.97841150,-2.54494118
5.08561797,-5.83494118
1.46858844,5.39958818
-3.20511762,0.46335288
-0.09388194,-2.52982376
-8.82829409,-5.37488241
-7.24399994,-2.05935312
0.02847021,-7.52864706
-5.84352921,0.49888253
-4.10258844,4.58170635
1.41176471,0.14823553
4.21111791,5.31429335
2.04094112,-7.13141182
1.54170585,2.19688235
-4.22426471,-0.83494118
-1.78882374,-0.02411788
6.26549935,4.81317676
6.97632374,4.48911776
-8.48670588,0.69623524
-8.10094115,-5.45699982
7.74900009,-3.32488253
0.62076435,-2.10099971
1.64805874,-0.01717688
-2.27832391,0.19623524
-5.99285306,-0.48523488
-7.48955874,1.08541153
7.19120521,1.53582318
-3.72908826,-1.46223541
-1.87885329,-2.17529388
-3.60635285,-4.35200006
1.54038194,-4.12023524
0.35829432,-0.48223518
1.66355897,-6.48947053
5.24044082,-0.51752965
1.70605918,-2.92335288
-8.04447062,5.32129447
-5.60314718,-6.18300000
-1.92085265,-0.72352959
-3.28094124,3.88452959
-7.36135303,0.02364665
1.40635324,-3.30858835
4.74641150,-6.66835294
1.96091147,1.13805882
-8.11750009,-5.64205888
-5.25761774,2.04499994
-5.68914706,-3.15617641
-5.16758818,-6.12300018
3.43585294,-2.59499988
-6.08476482,-1.91564671
-0.13929388,-3.35758835
1.91752982,-3.53629394
2.40929368,-0.36682306
0.67491150,-4.05623535
-7.70894106,-3.84129424
-5.93976459,4.93029424
-4.16514721,8.42941106
-5.66447044,-5.32511765
-3.28873532,6.26705935
-4.54985315,3.89152976
2.33429403,-6.48841182
0.29023562,-6.07988247
-8.01044126,0.32611800
-3.78182356,-2.00564665
0.25161744,-5.95876494
0.38767647,-3.96329406
2.85808788,6.55976418
-7.79679421,1.27923494
4.48664676,-5.29305894
-4.06197044,-2.93717641
-3.30355879,-1.80705888
3.22058824,4.68329394
1.57188235,-6.29976476
4.50388203,1.15476453
2.58367650,5.75870647
2.31985294,2.94005900
0.47000032,4.70035329
-7.97141176,-2.16635312
5.98832432,-1.38276494
-4.33782329,6.03276512
6.24173512,-1.03847100
-3.66944124,-6.80523524
2.25411809,-6.37476459
3.79129388,-5.81982329
-0.94041174,-5.56111771
5.67135262,1.92288206
-5.78870571,-0.21305847
5.81402947,-4.56899982
-0.70182353,7.66076482
1.30423512,0.16458847
6.47808838,-5.45658829
-1.45379371,-6.75900000
-6.32205874,-1.01776482
6.84597059,-4.68535300
5.40038165,3.13817641
-0.28664712,5.44770541
6.04911715,-6.65470594
2.88350003,-6.24376476
-7.66758818,-1.94405859
0.73411738,-3.24699982
-4.08617626,0.91035282
-6.48870579,-5.25817647
7.71711821,-3.20070606
-1.40752906,6.25870647
6.68332268,-3.01252924
1.76729450,6.27494182
-3.07326462,6.18864712
3.51173491,4.93594088
5.73867618,-7.01176476
-5.90655876,4.31670606
3.35364668,-3.86788224
0.99882326,-0.70676465
-1.35717682,-2.19705918
5.28385297,1.17570588
-4.09005871,-7.13329406
-5.22785276,-5.74023529
3.54458797,6.55688294
-1.35964697,1.95088194
0.61661753,-4.36641153
-0.13549985,8.14699959
-6.58855888,3.46441200
-3.15988250,5.34105906
-2.15114729,-1.59129424
-7.61150000,-2.01488271
1.98929371,-6.00199982
-7.88255894,0.66411724
0.37805894,-6.42058835
-0.44811741,-1.51717688
-7.73423521,-6.77370588
-7.15711774,4.07535329
-7.22808815,-5.60282359
-0.20355853,-4.71188218
6.46117626,-0.20088194
-5.42714691,2.37123559
1.62694147,8.84029435
0.21229374,2.34311724
1.76752965,-3.78188235
6.00017591,-4.80935312
2.03555926,1.51911747
6.49014641,-5.55929429
-1.72067621,-2.14552935
0.81726432,-5.99241188
-5.42714691,-0.05052906
-5.58485279,-2.37182347
4.86126441,1.92164700
-0.29464721,-2.61070612
1.00444121,-5.18252924
5.24976482,-3.47170571
-7.65285291,-6.30447053
1.02250044,6.32017606
-3.51658809,1.97882347
1.93708800,2.75564665
-8.84102944,-5.40947053
-6.08567629,5.86041259
0.79370565,-7.47370594
-7.72038224,-7.20535300
5.58588185,-4.30335282
-3.85661765,-5.59905871
-4.78176476,5.03535282
6.65400068,-2.70164712
6.07970653,-6.39400012
-4.80661774,-6.92311771
-4.24617632,-5.62447041
2.25458841,-5.55117665
1.80100026,-2.36317624
-6.36600000,4.82182312
-8.18079409,-7.21658818
-5.35547056,-6.25670576
4.79414726,-7.10088235
-6.29973535,2.41235265
-4.21323529,-4.64223524
-4.07102921,1.67594100
1.19352903,-5.60329394
-4.07002932,-6.71023535
6.10744162,-1.65211759
-5.87291179,5.20458806
-4.94420579,6.21664788
-7.26258826,-6.55958824
5.22088265,-1.72605894
-8.85297056,-4.65270594
-3.82694109,0.43935259
-1.71814682,-6.75376465
0.30035312,-3.54641182
5.27217729,-2.60270600
-5.09020591,-7.26052947
-7.39897065,-4.00364682
-0.28976441,-4.23682359
-7.90738229,-1.68647047
-6.25223518,0.49829371
1.21797091,-6.09929435
3.82541162,1.32629394
-3.16488244,3.78188276
-6.23155885,-2.28858859
-5.13370603,-6.32676471
1.96194100,-1.80447029
-8.04285297,-6.76858835
5.70008762,1.04599988
6.14173441,-3.75711776
-1.39038265,-7.49588235
-6.08185309,6.05300006
-7.57102944,2.12364735
-3.34464712,1.62723494
-3.27485297,1.05900035
0.43249962,-1.28470565
5.88658771,6.28941253
-3.31117653,-5.77023541
-7.71173521,-4.53111759
6.24129350,-2.20723500
-5.19838221,4.74629388
1.92623541,5.50082400
0.14011788,-1.99329424
-1.94194121,-2.99752941
2.69194121,5.56070665
2.39923544,5.61441218
0.16926485,-6.01482347
0.85923497,0.65658841
-4.64655888,-5.22941188
-8.20844124,-0.12164665
1.87441209,0.08023518
-1.79150032,4.43688247
-4.23838224,-3.31976453
-4.13920594,5.62317612
-1.66811774,0.45829412
5.02241156,7.83470600
-1.44076447,-3.26952947
-7.95273524,5.94394100
-1.66602909,-3.44494135
-6.08891162,-5.60964694
-1.43532338,3.38623494
6.82711791,1.57182312
-6.14667647,1.19664718
1.89794115,5.83611700
0.87235306,6.42458747
6.15544038,-4.18105900
-7.29188247,-3.02247082
2.43529376,4.24976482
-3.67197059,-0.98323506
-3.83832371,3.61141159
-1.48517653,-3.25994112
6.55514706,-1.12441206
-8.89414709,-6.38452935
-4.47491185,4.29417688
-7.81458821,2.14694124
-4.12170588,-7.23964712
-1.52161721,4.56988259
-0.32008812,-5.79782376
0.73238238,-7.64776476
-4.18961782,-6.75688241
3.75347091,-7.66176471
2.56814665,7.15470618
4.57432376,-5.31670606
-2.32138241,5.77188288
5.27864703,-3.28435294
-7.32758824,0.84099982
-1.31591168,-5.76411753
-8.43197059,1.22523500
-7.25026479,7.58864641
-4.98349985,2.15141206
-1.65664674,4.71270571
-2.31044097,6.16705859
1.05526465,-6.77999988
-8.17191179,-7.09676471
4.99667626,-2.09264688
-7.32532344,0.93364671
5.01258850,2.46847088
-8.13691174,-2.26905912
-1.77426506,-2.69976494
4.98926500,-0.93688247
5.42932309,-4.15082371
5.14447021,-3.36188235
-3.82291188,-6.81400006
-7.17308829,-7.04535294
-6.58473521,-5.90470571
-3.71755891,2.50817694
5.84470503,-3.96488235
-6.78164694,-2.57976488
-7.26414715,-0.43111735
-7.74191171,-5.07105882
-1.41032321,-7.52682359
0.06597091,-3.28835294
-5.58970597,-2.82558847
1.53747021,-2.21864676
-4.21949991,-3.33900000
1.84208859,1.85505853
-8.00350009,5.06970576
-4.10876465,-0.93605847
2.63852915,-6.81588229
5.50217574,-0.99023529
-7.60958818,-3.67858841
-7.89999994,-1.76982388
0.10188203,4.78305859
-5.23052932,1.15652912
4.00467638,-5.25235300
-7.86373521,1.61788224
6.60700000,2.90629400
0.61776465,-5.79841165
-4.04441162,-4.03805900
0.20129394,5.50976382
6.27758788,-1.95452971
-2.27697035,-3.25229418
1.39205844,5.33629471
0.45726462,-4.86670594
-8.02494118,2.40117688
6.28126435,3.86464735
0.77350032,-6.72905888
5.21932265,2.19988206
0.69152921,-2.33364688
6.27176441,0.70470565
-0.72850035,-7.15411759
-5.31532332,-1.97911788
0.11826459,-3.01582335
-4.12691182,5.04188271
-1.36247074,-3.45641194
5.71976426,-3.84547065
-7.44255874,-2.78835294
0.42385326,-2.56929418
3.75497076,-0.41952965
-4.19679394,5.55276488
5.70758774,-5.32994124
-8.73217650,-1.24947041
1.85455862,-2.62564718
6.22158815,-4.33623547
5.79502959,0.32588194
0.95064679,-5.23276476
-5.65876456,0.90864741
-2.73091171,3.95823488
-5.20173512,-6.09988224
-7.42358824,-1.68017671
0.49482368,4.81564688
6.52250044,0.89094094
6.37970509,-6.79870582
0.25611788,-3.58688218
0.50573550,-1.24882329
5.92938232,-5.14676488
6.01467715,-5.22217647
5.15414788,-4.99970606
-7.87897065,-4.97100024
-4.81479421,-5.31511776
5.33855841,-0.51994147
5.12126429,-3.10647047
0.50141188,-7.00594129
1.50697059,4.48917612
0.51044150,6.12241141
6.47229362,-3.13564706
-0.30947068,-2.42064712
5.09167659,-3.64399988
-0.27052935,-7.51388235
-1.70738221,-1.25594106
-1.01288200,-5.85258841
7.84602985,-3.86011776
0.89744118,6.27923582
6.12432324,-2.96617665
0.43302918,-0.95376500
3.48811788,0.48829382
-6.10379432,1.83294141
-3.90711750,-0.33411724
-9.03638235,-8.26535294
1.94888215,-6.32094124
2.27208844,1.03270588
5.77158850,-5.57711747
2.24482368,5.82947135
-4.85073538,-1.65958806
-7.38923532,-5.95729424
-5.23697079,6.25852876
2.22379438,-4.03299982
5.98420626,3.05894112
4.77485297,-4.68252924
-1.13288250,-7.28341182
0.45794138,-5.09405876
-2.59947071,-7.91876465
-5.02111771,4.05264729
-0.51732321,-7.36488229
0.11132365,-2.32252953
1.33826491,-1.85035259
5.09129424,-3.15176482
-1.59661776,-5.23782347
1.49129441,-7.18764700
-0.43958865,5.41305900
-0.40688279,-4.89005865
-8.10091176,1.34647053
-0.71132347,-0.45370571
5.55294082,-4.20511765
-3.52876462,-0.13052906
-4.90594124,3.94805906
-5.89326476,-2.35388271
-5.83038241,-6.82352941
-0.37314741,4.38152894
-5.76620574,-5.43841194
-5.71379403,-1.14494147
8.67049991,2.69594082
1.55170576,1.53082365
1.62100041,-3.42494112
-7.96876482,-1.28447053
2.05397032,0.87158829
1.33617626,0.12205865
4.15344147,-5.38623541
7.48255829,2.56794112
5.75982306,-3.35488218
5.16097124,1.73664676
-2.39197047,6.11641200
-2.31888265,1.39747082
1.23652918,-2.01670571
2.44535288,-0.50317653
-7.32561762,-1.52564735
-4.15414697,-3.35194129
2.10702965,1.03747018
5.05517668,-2.62541200
8.30938182,8.13705806
-7.47176474,-0.01999976
-8.43379415,7.57088159
-5.92688259,-3.46782371
0.62276503,2.72547018
2.38129379,0.84564747
-4.25632341,-1.88176500
-6.19361744,-0.08176465
-0.04067635,-3.85135294
5.50438197,-5.40923535
-3.04058838,-5.66800018
4.04855885,-0.84135259
3.36849976,-1.49617635
4.30008832,-7.00494118
-3.69185279,-6.24576476
-5.88408841,1.13694135
0.28273550,-2.32788265
1.08747056,-5.28123518
5.63538315,-5.16317659
1.74032324,0.19941171
0.54729418,-3.01964706
6.60185332,4.95776459
-2.49649991,4.97735324
5.70555924,1.69147088
-6.17247053,-2.74170594
-2.15694115,-1.18082382
-4.22473547,-3.42935318
1.96123550,-6.69017659
-7.24938224,-3.44370582
0.81682362,2.93029424
0.16261741,-4.12982359
-0.38494156,-4.94729388
-5.99708826,2.13070588
-5.15252956,-6.34223535
5.00929441,1.91458847
5.32694200,-3.19929412
-3.23785312,4.02047100
0.32711791,-1.91347100
6.29085226,-3.17952953
-3.39567656,1.99576435
0.86491215,-7.02141165
-4.12029400,6.24341176
4.11564726,0.79135312
4.67282374,-0.51194135
-4.21988229,4.43158859
5.61241238,2.33117676
-7.24588238,-7.17147065
1.59082391,2.09517624
2.38797088,-1.61788224
5.09294038,-3.83588229
-7.88855879,-7.08811771
2.39591174,4.18476506
-0.46023559,-6.15535288
-7.43679406,-3.82088247
-4.19961774,2.36111812
-7.30835297,-1.49523565
-3.23752953,-0.70599994
-6.30129421,4.97994100
5.71308809,3.61252906
2.08864729,-2.36488253
-0.30126503,-3.38711771
-5.76138215,-5.61358824
-2.01994144,-3.45517641
6.75661694,-3.40482376
-6.06552932,5.74176382
0.43999974,-1.36823500
5.51355879,-6.16647071
5.32888256,2.30699965
0.51782318,4.46605906
-1.40026497,4.36264665
2.57285265,5.20823582
-7.21182362,2.49823535
-1.74417653,5.11800071
-3.47194132,4.22470629
-3.03658832,4.89364712
5.45305859,-0.38570629
5.45444085,-2.98723512
-6.78073524,-7.12917641
-5.51226491,3.70847094
-2.01152935,5.32164629
-7.56044118,-2.14664682
-9.26385297,4.02970618
-6.46285294,-6.99229406
-6.02576491,-4.98423541
4.12320574,-5.63752924
-4.19667635,4.14141218
-5.94394100,2.00417641
-5.47458829,0.61317624
2.26320603,2.84700012
-1.36873491,2.40617641
2.45844135,7.83070641
0.77452985,-7.45782359
-3.38570582,-3.23841182
-2.31194082,5.22947065
-1.77552974,-7.50670576
5.16438203,-6.35988235
5.95661835,-1.09329406
-0.94370585,-6.38670594
1.86208838,-3.87552959
4.75332374,-1.61158841
-9.34891179,-8.61782353
3.66261741,-6.37570594
1.79694141,-0.26105906
-7.74926465,-1.57470612
-7.66664706,1.23717635
-2.06902897,-0.33729376
4.70429453,1.48370629
-3.55338241,-5.05652935
-0.62967638,-5.65147041
2.53602959,5.90770588
-4.54208824,4.86158841
-2.58635309,5.78994035
-2.65347065,3.03635271
-7.42305891,-2.35241159
-8.08194126,-1.97705888
2.35623529,-7.80452929
-5.73794106,-0.99752900
-0.07685315,-6.51941188
-3.98152924,5.35341153
-3.33770574,-7.01694106
-5.78805900,0.42399959
5.16885376,-5.12400012
0.21785332,-5.79917641
6.77994132,4.76729447
-9.10370585,0.86017653
1.94523529,4.17888235
3.86491215,-6.99476465
6.15120562,-2.87482365
-3.37649985,0.52994135
-3.83085274,-4.93935306
5.00388203,-7.14417647
1.23105847,-2.32088247
-0.61791185,-5.30970582
-1.61879415,-0.36117641
6.34305885,-1.70176429
-3.37847047,-3.88082347
-8.17799994,-1.25070547
5.78082276,6.86411776
-1.99723547,-1.95611753
6.73038259,3.93470582
-2.01708806,-7.16005888
-2.17991188,-7.18599994
-4.92108826,6.01064706
-5.45350018,-6.74000012
6.17249971,4.21835329
5.78135232,-0.21041153
-3.28776462,4.15711794
-1.56917618,-3.68517665
5.78382424,-1.52911735
-5.21841162,0.47452947
-2.31444147,6.09764729
-3.68108818,0.14488218
-7.49788238,-1.72111782
-6.92108826,-5.19394100
1.44597041,-2.92300012
-3.87088238,-5.56870582
-2.22679409,1.71864676
1.46332326,-5.49547041
1.53314747,0.07917606
-2.11029412,2.07600041
6.39767635,4.43288200
-6.30138241,0.32382382
6.38676541,-1.97658853
2.11308826,2.26229412
0.86982368,0.03529447
-7.67158824,0.31188247
-5.31347074,4.08947035
-7.54467638,-0.69252912
-5.32082368,2.89399988
1.90488209,6.09429394
-4.83088235,-4.94411782
-1.44041174,-0.69288276
-5.77838224,1.68952941
-7.91247065,-3.75058835
1.30244088,4.21017635
-8.80452941,-3.87152953
1.71461756,-5.92082347
-6.10247041,-5.25417641
3.56882341,4.94482329
0.62926438,2.17370606
-5.54532353,-0.28441218
0.71623500,-4.60341194
-6.38499988,-2.40000018
-4.08723538,-0.91499959
-7.43591174,-0.26388188
6.34894159,-6.48082353
-6.18388232,-6.70788235
1.73441179,0.94729435
1.26585297,4.36382341
6.26570579,-0.05305841
-5.94076447,4.44500012
-2.21211782,-1.25458841
-3.78526485,6.03211706
-6.16611750,2.35982376
-4.25597068,-5.49717665
-3.71702935,5.32535329
-2.30673488,1.10870629
5.58502915,3.18976459
-6.27850006,-5.98276476
4.36297068,-7.81847065
-2.29273538,5.99847053
-8.18508821,-0.87552959
1.43664729,1.82805859
-5.53602959,0.59323571
2.41205912,-1.89452947
2.20538241,4.18905912
2.88838197,4.53335300
-3.78920568,0.31682365
-7.90320588,-6.77111771
5.95329374,1.56399982
2.36238276,2.11494088
-1.70844135,-0.03776459
-7.91326479,5.87611835
-6.11744106,2.14370547
2.67999985,5.24752988
-4.25511753,5.32100006
-1.77629447,0.86529453
-7.70202950,-6.62870588
-3.68108818,5.79676547
-4.29244097,-6.07629394
6.44652962,2.55317688
-1.92573547,5.01723524
-6.77891182,6.56794112
3.10911738,-5.58217665
-5.86555885,-0.23452941
0.57247026,-1.80123541
8.13044112,-5.78752941
-2.46838200,5.68382353
4.07238232,-5.41176471
1.55476471,4.31047059
-6.62526479,6.04941153
-8.66135294,-2.13358800
1.78020612,4.68964700
7.75802971,-3.27005900
4.96576468,-4.32158841
4.30870594,-6.12405888
1.43682324,-7.16417647
4.04664703,-6.64547059
-1.51526506,5.25276453
-0.28047091,-4.46347047
-5.47802959,-2.51723524
-4.82308826,5.61199953
-5.68129415,2.01094147
1.72423509,-2.82982365
-7.86855876,-3.29947076
4.68099976,7.20164759
-4.16479403,-1.64464706
-3.86567644,-4.90858818
4.63579424,0.69294112
1.49058803,1.23835306
-7.41567656,1.42611782
-4.72805876,-5.04982353
6.43332268,-1.98411741
2.31982332,2.00199982
-7.89502941,1.53141159
1.85773512,0.08970553
-7.82114703,1.88105865
-1.64064744,0.41041206
-5.08747056,4.68717688
1.95435288,1.43341153
-1.46717656,-2.94970571
-0.38691174,-1.78600000
-4.21779409,5.23564776
-0.97261765,-5.64294118
-7.37714700,2.68511782
3.16967682,4.92364682
-4.02864703,6.21811812
3.64176491,4.25999988
-5.87149991,-0.58623547
6.79573509,-5.23370588
3.95532318,6.34029435
5.18788235,-4.84988224
-1.53552965,-6.75888241
6.62897088,4.52511776
5.82467650,0.52600006
-3.95920609,-0.80829394
7.82167682,-3.72176453
-0.06429426,5.13788200
-7.45347056,-5.61852935
-7.19326468,-6.61023535
2.25838247,-6.54558835
0.13414721,-2.37029400
-8.96050003,-6.86600000
5.62641100,-1.31100018
5.96632294,2.60952941
-2.52476456,4.26052947
1.15061771,4.99299982
-8.40708824,1.50952959
-4.68755879,4.40752906
-5.96805885,-2.81282359
2.17738253,2.09400041
-2.35985250,-2.57905894
-1.36500012,5.69782394
6.15061682,-3.10111776
-4.05773521,1.85723518
1.64458779,-3.97329400
-5.30820600,-1.05241212
-3.31073535,4.60858782
-5.29123509,6.13464712
-3.96061750,-0.78558800
4.30464712,5.01211729
-6.34829421,1.11835253
-6.99202929,-7.08688241
1.75497076,-1.96047076
-1.63400000,-5.84152941
-3.36573524,-1.46300012
-4.02438221,0.09494106
0.44608800,2.76600018
-5.46685297,-5.71805888
-4.98073532,-0.87864682
-5.03670591,-1.90435253
-3.31914700,-6.04423524
-8.05782362,-0.81223524
4.82773544,-5.28370576
2.09505868,-0.58900000
2.11667676,5.63388241
1.91885285,-5.89541176
5.61855900,-6.42547071
1.69250038,-2.25735294
1.54094112,-2.00170629
-1.45064679,2.05694129
0.96732376,5.45252900
1.41264703,-0.58994159
6.08076388,2.83299971
6.45955882,-3.33635306
3.91132309,1.17664741
-6.31335291,-1.31923541
-1.78085326,3.47782359
0.27329388,-6.02505900
-7.72841174,-2.88882359
-6.12094118,-7.06505876
-6.01152935,3.48941218
-2.32332385,-1.07417659
4.96726450,-2.17688259
-3.85635285,-5.16676465
-6.34429415,-5.93141176
6.14526547,0.26717688
5.16335341,-2.51794118
0.22214732,-1.69211800
7.37658871,-2.46117624
5.48641250,2.73100012
6.62694056,-6.13894118
-4.73229397,4.08299971
-7.96067653,5.46852918
5.98308788,1.26911747
5.53941256,2.40282394
2.47217606,2.29194100
-0.90164724,-5.51870594
-6.36038229,-6.91241188
-3.74294103,-0.21741171
5.48497100,2.22123541
1.25617621,1.22623488
-7.69973529,-0.60164688
1.66270626,-1.25058794
-0.06029376,5.42317647
-5.77623524,5.27623612
3.65508853,-0.88341206
-7.88194118,-2.87488241
-1.66870565,-4.89358835
0.07023529,-1.36123565
0.58073515,2.23947053
1.35270600,-2.36447053
2.56014744,-7.38194118
1.88426476,1.70447047
1.59538268,-7.11005871
0.47073544,-6.64000006
5.87929400,-6.96211759
6.41702988,-3.08552953
0.28332341,5.95994118
-2.90994129,-5.04241182
6.35741112,-5.23482335
1.72408788,4.66658829
2.21817644,-7.34747065
1.33176468,-7.55758824
1.28126435,-5.87805894
-2.70161753,4.14723565
-7.26873532,-2.21370565
-0.22155853,5.75741218
3.75800009,4.22105859
-9.03597059,-1.67741212
-5.87752938,-5.36858818
-6.24326482,2.38300012
1.88044112,1.13247053
-7.91608832,-3.49041165
6.37750065,-4.26911747
1.93370594,0.16705859
-3.04076476,8.75070547
5.51670568,0.92258859
-3.71273535,2.76305882
1.31923541,-1.95752941
-1.87955879,-5.57641200
7.01202932,0.86464735
-8.05041168,0.98652918
-5.49005891,0.26847029
-8.33552944,-3.46976471
5.69782391,2.00452918
-5.57432332,2.63435276
-5.25961753,-0.61958853
6.25555959,1.82005847
-2.51008829,-3.08541194
5.51917582,-5.00323529
6.32035379,-4.87947035
3.82232397,6.50023518
5.12108835,-0.64611729
-2.31100015,-1.86570559
-0.22491185,-0.77170606
6.48123529,-5.30923553
-2.93894106,-5.14329394
2.29852924,2.85605847
2.95061806,-5.81317629
-1.21897079,-7.13617641
1.76767685,1.19452982
3.53138194,5.08017688
-5.06908821,5.28782382
-3.37541200,1.15776512
-1.12273541,-5.22811753
5.60285321,-7.25647065
-5.92311771,5.19076535
-6.18302962,-5.37958841
-5.84932350,3.55552941
-5.92179421,2.28958847
6.41208782,2.55564700
-6.65055891,6.07629394
5.94402897,0.86647035
1.82502926,-6.02129412
1.56394150,-4.49147076
6.39444150,4.21105865
-6.24700009,0.39705882
-4.99208832,-5.52652918
1.75214700,2.84470594
5.33849918,-7.30982341
-5.45435288,-5.11529406
-5.82664715,-5.20547035
2.49658832,1.10511782
4.81467662,-0.04258818
2.02617691,-1.04364729
2.07394141,-5.27317629
-3.13041194,3.97294076
2.96917635,7.05635341
-7.86685294,-3.21752929
-6.36435294,7.37247065
7.49414779,-2.22347035
7.96861715,-8.74229406
-4.21211782,1.27817671
-2.15050012,-0.75764735
-5.59347041,6.06123441
-6.17755891,-3.39311759
-3.40055891,-4.18388229
-5.69849979,-1.15323506
-1.74035285,-1.19464741
-7.21105891,0.78105882
4.50997026,6.49305818
0.87250026,4.97070582
-0.15870576,-3.10870588
-3.36629397,-1.99276465
3.99664665,2.31688194
-0.19591209,-6.31688241
0.62047082,2.28852935
6.28102921,-3.58764694
-8.22294124,-2.43764718
-2.93635291,-5.54882365
-5.58226462,-1.41847047
-8.26220591,-3.02641159
-1.99023526,-2.19376506
-0.60511779,7.57864741
4.20429453,-0.83823529
-5.92432359,4.33282382
2.26664735,-2.90094129
5.76785279,3.72329441
5.98814662,6.24082318
-7.20897068,-0.89217688
5.17376529,-4.52694118
6.12517591,4.30964753
2.48126491,-5.87817653
-6.01502947,-7.95694129
5.17738253,2.47847076
2.70691188,5.66988235
-3.28841176,-6.43058824
-3.93361753,4.76664735
4.72508868,-2.95811776
-2.03061721,0.54482312
-2.38020594,6.21658865
-3.79705900,2.05388235
1.34958782,-0.73876506
-5.88011753,5.64341106
-1.86767668,1.69917659
0.48047056,0.80870594
6.41797056,3.06164729
-0.28861729,4.99505882
6.68088306,-3.99023529
-5.33535274,-6.60694124
-7.19850003,-6.06217641
-0.02420582,-2.42600024
-3.76188256,-0.68035259
6.00738168,-6.80641176
2.10352909,-6.99800000
-5.08482362,6.09535306
-6.17114706,2.44464741
4.63452956,-1.15694112
3.86397059,-6.53511765
0.23829382,-1.60729441
0.48105847,-4.55558824
-2.23511729,-3.37617629
-8.04867644,0.91211747
-2.74352938,4.01264682
5.60758882,2.49758824
-7.77408824,1.11194118
2.38226497,6.19105800
0.37535274,-1.84588265
0.83091197,1.85023500
-8.62064709,-2.27799988
1.34161735,-3.30035312
1.35447065,2.69788224
-7.31270600,-5.67599982
6.69923491,1.11264665
0.65732350,2.94364747
0.50979435,-1.17423565
1.87461765,-3.26182329
-1.49791135,5.14999929
6.73685232,-3.21552947
-2.34994147,-0.30258806
-5.64055903,4.83011765
5.66105921,-3.67564706
-8.06738235,1.14747082
8.29238174,1.75941200
-3.80352962,6.26664647
8.59094059,0.64594135
-3.35547056,-6.74911771
-4.42885276,-4.48435300
2.93899985,5.88958741
-4.87220585,-5.70847053
1.77797026,-2.72164694
-5.25161744,-3.43494100
-7.46835306,-4.64823512
2.20547035,8.72658765
-1.59552900,-1.74111759
-1.30573497,-7.18194112
-7.75582347,0.37194106
-7.94376462,-1.33658824
-5.95538241,-3.60123535
0.98152968,1.82276471
0.00641138,5.41470518
-8.03444112,-3.24311782
-0.74788262,-6.14894106
-5.01047068,-5.50000000
-0.30635250,-2.08482359
4.97823559,1.55994100
1.30067624,-6.61035288
2.09117665,-5.64835312
-5.50532353,-0.39029382
-2.29044118,-3.02423547
4.20685265,4.47870588
2.43326435,6.09082388
-4.25173547,-2.41747059
-2.11870621,-5.40699994
6.02482335,1.24011771
-7.99594118,-4.89529418
-4.19976491,2.51199971
-5.60738238,-5.33988235
4.90873538,-3.29099994
4.25661782,-7.28300006
-4.73323509,4.68488265
1.97432394,-6.33670582
0.52250044,-6.88382365
4.55335279,0.77282353
4.23582368,-4.58988235
-7.66411771,-2.59158818
2.06635329,-0.90829376
-1.97867629,4.08529394
5.98388312,6.01941100
0.48258794,3.35758794
4.45388256,-5.64958818
-3.38032353,1.55923553
0.92123503,2.31711800
0.83385332,6.18523453
4.55082344,-1.56282312
-7.28285285,0.40729388
5.28252994,-3.68647047
0.54573509,-4.66876488
-3.64426468,-6.15011776
-3.96641182,-0.00817694
1.20861726,3.95547035
6.74741138,-2.57764706
-4.40914691,-0.32458853
-4.19588247,4.33517635
4.52041176,6.17052865
-0.95494079,3.86929412
0.12438247,-4.25517629
6.20461676,-3.51023553
-5.58649982,4.39352953
-4.40741191,-4.01870594
-4.09114703,1.21888194
-1.45899965,-5.47723524
0.73611809,1.56452941
-7.93000009,1.68600018
-2.51370597,4.51311806
2.62958841,-6.20376453
5.40870576,7.26052859
3.92464671,0.45376500
8.55061788,3.79129388
2.36352897,-1.74841218
-2.00682338,2.37758859
-1.82973526,4.46364729
5.85488174,-5.52347071
-4.11611759,2.41835294
0.08929444,-1.02223565
-5.40794103,3.82347018
-4.84088224,-6.50276476
7.12373441,-5.66082359
-5.20447047,-5.84458835
-7.03805879,7.33958882
2.10973494,-5.81964694
6.42364682,-3.98482335
-7.25961774,-0.89535253
6.68941182,4.97947065
0.78902929,-7.18547059
-3.24314700,-3.23152924
1.87964676,1.06235282
2.29844126,-2.79617671
-4.02155888,-3.60747076
-5.62699979,5.39347029
5.48652918,1.86458812
5.77582326,-8.49229406
5.71076518,-5.63664694
2.06449979,3.04082353
-1.78864691,0.55052906
8.48844103,-7.19211759
-3.50350009,-0.72852912
6.50885368,-2.01258853
2.48320547,1.55882353
-3.26200015,-2.79758812
2.03676471,-6.93664706
5.10902853,-2.90570606
4.69079412,-1.42223494
-6.50423521,-7.20905888
5.49947044,-3.18835312
4.31994091,-0.96241129
1.95588235,4.86294106
-3.80267647,2.56299994
5.26694085,-2.47100024
-7.51441171,-2.12341218
-0.42952953,6.03370576
-2.57779424,3.44876459
-5.46894118,1.02558812
-0.64832350,-0.57470612
-0.92908791,7.67076559
1.32002976,2.36035335
1.99905844,1.84052947
-6.14147053,0.50935276
4.92944156,0.18647047
0.52567606,-4.05147059
-4.40552924,5.06258794
-5.89458824,4.04499994
-5.26985303,-0.80435271
-3.70008806,-2.83500000
6.59138221,-1.63782365
7.58738259,-2.55388235
-5.16720582,-0.90958806
-1.96517676,4.38423518
-3.87514721,-5.52152924
1.85429382,-7.22141176
-5.82552921,1.87605912
5.65129359,-0.01605853
2.23717632,-2.49741182
-5.17823524,5.91882324
3.38347041,-3.14388229
4.86582318,-3.32635276
0.82855853,6.50017594
8.05958826,-5.16864688
-5.25714694,5.58135271
-1.58761776,5.43611771
-1.87338256,6.41823441
-5.52417665,-6.16841171
-5.54902962,-4.89341200
-7.55864715,-2.59588218
-8.80011762,-5.02017659
-6.14002947,3.63599976
-3.66232344,2.96852918
4.63549985,0.31741153
-2.34194138,4.34700012
-3.02502935,4.95429453
-9.13249997,-8.09041171
-1.61820624,-1.80694129
-1.79638224,-5.59941188
6.71726541,-5.67829400
-8.01970582,0.87523518
-1.93841194,-2.25747053
-5.53394138,-1.16917688
4.11055891,3.66005841
6.87011718,-5.93811753
-6.85023521,-6.17347041
6.85608809,-3.81064694
-6.87126474,6.92899994
8.20955882,-5.90623518
5.24908806,-2.10429382
2.77108853,6.48399982
2.30532388,4.73811788
8.55541094,-0.79411765
5.30682374,-3.04158829
6.71164659,-5.32211753
-2.35361794,-1.35711759
0.29294091,6.32305906
6.55682374,-1.57164718
5.42320521,-4.73535288
-0.41835291,-6.26523524
-8.73470588,-3.37288218
-4.29388247,0.29229376
-3.97567659,5.90535241
-5.63705894,-5.34129424
1.12917641,-5.31547053
1.61932374,-7.01082341
2.38464715,-0.04017641
1.51164694,0.42758806
-5.69720594,-5.84182335
0.43764721,-0.12200029
-2.27752956,-2.23405906
4.08694100,4.98817624
5.95747106,-0.90752906
4.96014674,1.65635324
-3.40032329,1.25158782
-3.19976491,-2.49729424
2.57064729,5.97205847
-6.15508809,-1.70776459
-8.76100003,-3.74347059
5.26147103,-1.16052965
-6.13138221,3.66741135
-2.59752924,4.16399965
4.35576494,5.03417612
-7.72138235,-0.47529424
3.13232332,5.24405806
6.03926535,2.31358788
-7.60388229,0.73011782
3.12888203,-4.99635318
4.57617635,-2.16547082
-1.49138238,-0.68152935
-6.03202956,-2.85317635
-4.16785297,-0.06652924
3.14535253,4.41900006
3.76620574,-0.02652965
-1.46555912,0.58523559
5.24008897,-5.86435294
-3.87805894,-1.50382365
-8.10850009,1.08870565
-5.72023550,6.04594153
-0.51373559,-6.17476476
-5.56329391,-2.60082335
-5.65205876,-1.57576435
5.28185318,-1.78729429
3.50517632,5.70835247
-4.01170574,2.38670618
-2.20020609,0.66394135
6.05297132,-0.12423529
-7.24023526,-3.91670588
0.12423526,5.40117688
6.52735274,4.91229429
0.90097047,5.47794118
-2.28538244,-2.42805841
-1.74611797,4.82911771
0.08420609,-2.17682335
2.23579406,-5.18670612
-0.34414674,5.18035353
5.96738209,1.72900029
5.36847103,-5.92576465
-2.29802929,3.40441176
6.67026474,3.33364688
5.30855965,-6.09535306
-3.11338224,1.81176488
-5.42702932,3.95147076
2.09949988,-7.37270582
6.03673597,-4.97270606
-7.28861776,-4.14694124
-3.37220585,-5.18447071
2.14900029,6.17347088
2.07352941,6.02599918
4.44782391,-0.04758859
-5.04247059,-5.88417635
4.29220582,-6.48576465
0.31711803,-7.31952935
-7.52638244,1.34782318
-4.39076456,1.02794153
-2.65429418,5.02429376
8.26426426,-6.17029394
8.00611788,-4.85182371
-6.02467662,-5.83241182
-1.93511782,-2.97276488
-3.70479403,0.71799965
-5.75626462,3.64194082
1.69702956,2.28082365
6.91967594,-4.50700018
0.43861747,5.62511847
2.07708829,5.88782276
-6.86823521,-5.33817653
5.95776547,-0.09070629
4.58741132,-1.27635282
-8.42558826,0.00652894
5.39067706,-3.47582335
-2.10126450,1.25582347
-7.24297065,-6.08576471
7.65908815,-0.36852935
4.00185259,-6.44770588
-7.33658824,-5.41217671
-6.12300021,1.55370553
6.64720603,-4.00888241
-0.42370606,-0.54717659
1.47549976,1.79894124
0.98270550,2.59223488
5.22605806,8.08605959
1.46358803,0.15917612
5.62261782,1.93282365
5.86517694,3.96494159
-2.92544106,-5.07552924
0.47523500,-1.89082335
5.57238232,-0.50664747
5.29844038,-2.21747094
-0.12135315,-5.53429412
-1.85814712,1.37605912
-7.24052944,-5.45582359
-3.24373538,-6.58458824
-3.63255894,4.31670606
3.72541179,-5.92676453
2.39338235,-2.43594088
-8.64752938,-5.54623547
1.88958829,-2.70711788
0.43847029,5.92123594
-3.14114694,3.99688271
1.54226506,-3.32888253
-5.84835276,-5.44276471
-4.29852924,-4.61241194
5.24670588,8.56111771
7.14820591,-0.36935335
-3.75900000,-3.61717629
-3.56982332,4.42523553
6.24785300,-2.30994100
0.44844144,-5.50405882
-4.31476459,2.68352912
-3.24317662,-5.14094141
-0.02576491,-6.94452935
-3.62620588,5.34058876
1.51273571,-2.75182341
-6.24632353,3.19664718
-7.29650003,-5.12535276
-6.70188229,-6.90711771
-2.79608826,5.34588265
5.51094144,-6.19723512
-4.23341191,5.15405812
4.25267656,-5.17200024
-1.42773526,3.55841153
-1.52026456,-2.03447053
5.90176391,0.48523488
6.94664629,-5.03294106
4.01052947,6.22647094
0.70347056,1.47211771
-5.55888232,-1.42041194
1.98405906,4.76258853
-1.16299976,-6.48305894
8.06776518,-3.37147071
0.96602944,-6.16805894
-3.50064715,4.01035265
0.83688265,2.72047065
5.11214671,-2.60100018
-1.78317621,4.22976506
5.97038179,-8.00076471
6.68597053,-6.14558812
-5.33617626,2.05541182
-5.53076485,3.32282394
-4.69873541,-3.52017659
4.61958853,-1.27400029
-0.20258824,-6.85452941
4.05608862,-5.67488235
-4.63455874,-5.30499988
6.25644100,-5.81864706
4.30611735,-6.38347065
1.08732335,1.34205894
-2.31023541,6.20947088
-3.44191159,-6.26741182
4.12511759,-5.76958824
2.30555906,6.10329482
0.06164729,6.56994088
-2.00611788,-7.20982359
-8.05255891,0.24011771
4.51223485,-2.36123565
4.43573535,-7.07717647
1.25105915,-2.49964724
3.20379371,4.45035329
-2.94973529,6.07441265
-0.51364674,-6.67282353
5.21405926,-7.27288235
-7.98723535,-6.52205882
-5.28329424,-1.14188253
-3.81941179,-2.38647100
7.64552935,-2.71788247
4.95170594,-6.21929394
-2.13405924,4.25623547
-1.89008824,-1.43411794
5.05758847,-2.09800000
-5.22152935,4.75088229
6.16852882,0.34752971
6.00864724,-7.23470600
5.73741238,-5.20211747
2.73829382,-6.48941176
-7.11041171,-6.24399994
-4.36417659,-6.44688235
-4.73988253,-5.63358847
-8.19564706,-7.28476471
0.96597021,4.31358788
-3.31655882,-1.67082394
-5.50585309,2.47417676
0.54873568,-5.28400018
-2.06850029,3.18717688
4.92420600,0.74182306
2.16514676,-6.86394118
4.81220559,1.89117612
-5.37494121,-2.61694112
-8.02479418,0.50788253
6.11020615,1.93088218
3.49988241,6.16435329
-2.86979406,5.88435276
0.60979418,-5.40352947
-3.65470574,5.91970647
1.01114700,-7.36170576
-3.71705897,0.62135318
6.29361679,1.30270565
1.31944094,0.19311794
-3.85761756,1.76635294
-5.35088215,2.12829412
-7.75573529,-3.52600006
-0.20144115,-2.75517629
-0.62176515,-5.44629400
-1.04549991,-5.47635294
-4.21458838,-4.82705871
-2.35155891,4.75464676
0.51805924,2.65411735
1.23000021,1.58423571
8.63314641,-6.33688241
5.26100068,-5.74770582
-7.60252941,-5.97300000
4.88994106,4.47911788
-0.71111791,-6.46852941
0.70117635,-6.52523535
-1.55126503,-2.35594088
-3.33605868,1.50817694
6.46799962,-6.79829406
1.74305906,2.66982312
6.39641256,-3.30935312
3.15402941,6.26353006
0.93858785,0.78635271
5.62544162,2.61223559
-2.31608850,5.44076535
0.23732353,2.57294147
5.24667718,0.60011741
6.91838165,1.50411806
6.32755953,-1.16347100
-9.36158826,-3.97458829
-6.29879403,1.78317618
2.85073494,-6.61729406
1.86702953,0.16558835
3.82861776,5.87917729
-1.20697021,-6.94499994
-1.62282338,-2.36852935
6.35402903,-1.57594118
4.60097100,-6.50070594
-7.98844124,-7.70929406
-3.35723518,4.84711771
-1.23876503,-7.11823518
5.37805894,-0.90858818
-3.23967653,2.34458835
0.80697094,4.68464753
5.86261703,3.63782365
4.34229412,-1.19811741
1.85217644,-1.03029406
4.14826426,-6.52205882
6.03185318,-3.68405871
5.45355944,-2.89494100
5.96208821,-7.20682347
-0.38649974,-6.90311771
-4.60267638,-7.26829418
-3.91779418,-7.04105894
-7.53691168,-5.80647053
7.58052871,7.11876541
-8.15020582,-4.71394124
-3.59211776,-2.03882376
1.23105847,5.78517600
-3.56838226,-6.59517647
-2.82876453,4.99905847
5.58367562,-5.46782371
0.55608862,-8.28958824
7.26897118,-0.29994112
-5.16411771,-1.01788241
4.91841215,-6.99741182
6.75514671,-5.06205882
-6.47523521,5.79564712
6.85285321,-4.12247065
0.13661732,1.36311788
4.87708865,-0.63470547
-3.14411747,4.68600018
-4.42908838,-2.14111776
0.94291147,4.43047018
-6.53491165,-7.11870600
-4.34123544,-6.85558812
1.65847059,1.66776500
6.27217729,2.68529376
-7.81885303,-5.35047059
4.64491182,6.89688288
-0.38879394,-5.99841176
2.83994159,-6.28747065
2.54038194,4.91882324
-7.34767644,-6.49923529
-5.28729426,-2.94841182
5.04073559,-2.20188276
-0.30411753,6.38835235
-3.70088241,-7.50147071
-1.85067659,3.90523576
-4.86338224,-6.10135294
-6.33594109,4.76470588
6.15629488,-0.04400006
5.90120562,-5.28170594
3.75614750,-5.94611765
4.19591209,5.08817606
-0.38855879,-7.49270582
6.52432429,-1.13547024
-7.72944126,-2.35923500
0.06194082,5.21011712
-5.66761779,1.18541135
-7.72847053,7.08211741
5.96055874,3.45541200
0.79417688,4.52488259
0.49129441,-6.46588224
-7.90020594,1.39964741
2.41552915,-5.49694106
-5.23008818,-1.09629371
-7.67358824,-2.44676476
-3.69926453,-4.64047059
2.85429382,4.37341218
5.37441118,-6.65523529
-3.82517647,-6.47194112
-5.82332341,4.75305894
6.80002909,-5.47694129
5.49591244,8.69117647
6.39797076,-2.81623524
6.54482315,1.37358812
-3.76694129,7.41882324
-0.06050021,-5.33011765
4.11329382,4.45747018
0.27111726,2.33564671
-6.63626479,-7.08982353
6.04670626,4.03558800
-7.49638232,-2.11494088
-6.81523535,-5.21494112
5.50329412,-5.31376471
6.10905906,0.73800029
6.65485338,4.31317676
-7.71511774,-1.16270624
-6.03038250,4.81929376
5.42873606,3.05358794
-3.32408815,4.58800012
-1.28461771,-5.79435282
-8.22747062,-6.06517659
-7.66661768,-4.88711771
1.68179412,-1.30652935
-5.81211765,0.49958800
-0.93602976,-6.84305888
2.42052953,-1.38241218
5.33867691,0.10452900
-1.15644118,-7.37799994
4.01767685,-6.12005882
-6.17149982,3.30364724
-6.13770609,-1.28923571
1.22302965,-5.32823541
6.57132318,-5.59676453
-3.77817626,4.75935276
-3.76405874,-1.66870565
-1.24600041,-6.09982347
-7.55676471,2.16988235
0.41511806,-2.98088253
7.01673441,2.87664706
2.32935288,-1.36305865
-6.90747047,-5.15976488
3.64061782,6.16570506
-3.71258815,-6.51411776
5.11752859,-5.03523524
-1.69476497,-3.35370588
-3.57217632,-7.15664694
-4.26300003,0.71170582
-0.26717691,-0.58394129
-5.93561779,1.37958841
-7.94755891,-3.95694106
5.87508797,2.10311800
-5.32202956,-3.68147053
6.53785256,4.35629453
-4.06617647,-4.01382359
-1.13770609,-6.87082359
-7.73288232,-1.24670588
0.41720582,4.32900012
5.48582368,-3.76994100
-7.97864712,-6.83323535
-3.47688250,5.68394200
8.26235244,-6.41464706
2.08914724,-7.49388235
0.39549974,-3.57141159
5.35291244,-0.61823500
-4.75023518,-5.51758847
-8.12026474,-6.51494129
-3.77799988,-6.53629418
0.79791171,-6.91117659
-5.76188256,-6.46188241
5.00635303,-2.42776488
3.86920615,6.26205806
1.42217659,5.55970676
1.93217647,5.97711718
5.09611779,-5.41300024
0.62538235,3.02047100
5.51899988,1.02805912
6.97473503,4.27664724
-3.71373524,1.35652971
5.76100068,-7.35470582
-2.28491212,-0.10017665
5.75847132,-1.59617618
-6.21355888,1.13164747
-7.34164697,-7.12799994
-4.35391191,-5.75900000
3.56150009,-5.57641200
-3.65091168,2.07829376
-1.82382382,2.79858847
1.53444088,2.35752959
4.13841159,-3.30864718
-4.32514685,1.13652935
-0.30132338,-1.95411771
-3.93029426,2.21882359
-1.44997091,-5.45847053
-2.96523509,-5.24582359
0.58770574,5.66082406
0.66632350,-3.52705876
-4.54611744,4.54741176
-7.99697068,-5.04164706
-4.20888250,-5.25217665
1.72229453,-5.52282353
6.17020550,-2.21723488
-2.96464718,5.93911741
-8.72517641,-3.43741159
-2.18099976,-0.77617688
-2.12926438,-1.66323494
1.58241182,-0.65499971
-3.92897079,5.17217659
0.69276429,6.58170635
-4.87252941,5.94247076
-3.60279397,-6.99405871
-5.81091174,3.23629400
2.36976444,6.27805824
-2.29714697,4.72252971
-5.50661782,-6.14164688
2.69070615,4.30100024
-0.71129382,7.75835282
4.57370624,-0.15511724
-7.08482362,-7.27052935
5.18564741,2.76605853
4.22841150,4.93317635
5.43123491,-3.52405865
-1.79061800,5.20605829
1.74994076,-5.79141188
1.18561779,-7.47788241
-3.06955897,-6.17805882
-4.99555879,4.95058847
-2.48467659,5.31158806
3.99591153,4.51505865
5.73170562,6.85235235
5.46338250,-7.22441171
-7.21035294,-6.30229412
5.89867626,-3.56070576
5.98497100,-0.57494129
0.74935285,1.87752935
6.90723553,-4.12947035
-5.28732344,-3.47205894
2.41652903,5.49241188
5.86514641,6.39623482
5.54629338,1.50847041
-1.70097082,-0.19517606
-2.36423538,2.13994106
5.00523556,-1.67476429
0.74941209,-6.69964712
2.28117641,-7.20300000
-0.14679403,-3.46999988
-7.56958815,-4.14058818
-5.90652959,-1.61364747
-3.38802921,-7.14676465
6.47682279,1.36635276
5.94858865,-2.61564724
6.59705847,-5.28147082
-5.35935300,3.50888241
-4.42241176,5.99041212
-1.32794100,1.99729382
-1.77647041,0.52088212
-1.70629435,-6.24741182
4.70141153,-1.66541153
-2.04129388,4.14417671
8.49308868,0.71705894
-7.93432347,-6.62311759
-0.80905871,-5.63094106
-8.09752947,-6.76194112
-5.72126456,-0.68170618
-1.79476479,-7.28476471
-0.20038200,-6.42523529
5.40252865,1.98423500
-1.37250026,5.70176429
-2.34600024,-3.47758841
5.45126524,-6.45605871
0.82755862,1.87082359
0.06944094,-6.39082359
-2.10591215,-1.94064688
-3.71167665,-5.43617653
-6.32899991,2.49129441
6.21655812,4.47441188
-3.45864688,2.18111735
-2.23794106,4.46658865
-7.81723538,-5.20535276
-0.70608791,-6.52135288
-7.78861776,-2.77741194
-6.71008818,6.31858735
-4.23288232,6.17741124
-3.23641159,-0.75441159
-7.97282341,1.76311806
3.91700026,4.56688194
-8.18726474,-4.93870588
-2.79467638,5.56258794
-3.11788224,-6.04482359
0.87914679,-6.17729412
-5.42785285,-6.85117653
6.11023488,5.34041100
1.45420568,-1.63341206
-6.00888241,4.56864747
4.04941156,-5.42664694
3.84320606,-5.74817659
2.34002956,-3.82341182
-6.97885288,-5.48511776
5.39061782,7.80817729
-1.96979388,-0.43952941
-0.04408803,-5.35500024
-3.47329397,4.79752935
-1.53597035,-3.58288218
0.55261768,1.73458865
6.37026438,4.23541171
-1.49582359,-0.07711794
-4.18682368,0.71900041
2.86079406,5.95258824
-0.07738271,-4.42429394
-2.10938218,1.79594153
2.54014676,4.52688241
-7.25444121,-0.04241135
-5.32379421,6.28782382
2.07841132,6.33835376
5.53302900,3.29300018
0.32205918,4.69752953
5.52235324,-3.63888235
5.92944156,-3.22670565
-6.04379406,-7.03076465
2.26926468,-1.82499965
0.16720582,0.78164671
3.40608844,6.01970535
-4.18852953,-6.52052935
-5.65247076,1.20264747
5.49376544,-3.24776459
1.55052903,-7.37799994
5.75699929,2.01305882
3.74050006,-0.54200029
7.63532391,-6.29158829
4.26638256,-5.31470576
2.33652900,-4.76429388
-2.21938279,-6.93841171
-5.79785291,-1.89147053
8.51176541,6.16623465
5.97379438,5.98758829
-0.86211800,0.85682318
6.65923532,2.55435271
6.67679371,3.42276447
0.68441144,-6.07794100
-2.51735282,6.19064688
2.59829441,-6.64582353
-4.16441165,0.75700018
0.30455915,-2.51717647
-1.84964706,1.81388229
6.03750071,-3.79035276
-2.72811756,4.63211776
-1.97535256,-0.44282353
-1.91694103,-0.76911747
4.40452935,-0.43047018
1.96097071,-5.78888253
4.22391197,3.89729400
2.09808797,0.41852971
-8.01900012,2.32788265
-4.73838224,-6.16570594
1.48561724,-1.49870571
-0.49561803,-8.52388235
-1.62305853,5.44435212
0.13797088,-2.46264735
-4.02673521,0.48788271
-5.27682362,2.86400024
2.42520591,0.86588241
-6.13364724,-6.95329418
2.06035300,5.83941112
-7.87047062,-2.79076476
-1.27929418,-5.76082341
3.24070559,5.21223541
-4.03420571,6.10205794
-5.53114724,-0.49976482
2.29914676,-2.43152935
1.74014732,4.37100041
-6.04208824,5.93435312
-4.24517644,-5.45164712
-5.25126468,-0.74588194
5.29252894,-0.72747082
-5.47444109,-0.90552924
5.53985235,-4.91647071
-5.97952944,2.54870606
-5.16450006,5.80370553
-7.16667647,-5.33441165
7.29867732,-0.69982371
-3.35299997,-6.53605876
-3.37097079,-5.84811759
-3.52085294,2.39447024
7.71155862,-5.09682376
-1.17585306,-5.54964718
-7.31367650,-3.29470600
5.07302856,-2.49441171
1.75505874,2.66111753
-1.75138226,-6.77017641
1.80620621,-3.52388224
4.91311735,-5.83958841
6.83611703,-3.84264688
-5.65214718,-5.46158824
-5.50288256,-2.15182318
-6.22376476,-1.49641147
-6.32570579,0.22635335
-7.43011768,1.18929424
2.48967609,1.47347035
-4.99491165,-5.20570600
-2.13797088,-6.64252941
-0.26320603,-7.01241171
-0.46029394,-7.87170588
7.72694126,-5.65235271
0.25079435,-5.33141194
5.42938232,-2.03205871
7.96155862,-3.95441165
0.58473565,2.27535294
-6.24829415,3.41464682
-0.06547097,-5.87852929
1.92111744,0.24952965
0.51282368,-1.99335253
-3.61191156,4.12529441
7.57461726,-2.43517618
1.72758844,-6.90400000
-1.10664726,-6.47235288
1.60799991,-4.25523512
-0.42664741,6.08929441
1.90323503,-2.71758806
6.46670532,-0.70241141
6.10655841,3.48564688
-1.64444150,-6.78270588
2.09858794,1.67123500
6.76220524,-2.97294124
-5.62352932,-5.67929394
-1.99876494,-2.13635253
1.29626465,5.60823506
-7.15829424,-6.70000012
-1.80067624,-5.31700000
-5.32952926,-1.79670624
2.44752950,-3.98747076
-0.84367641,3.35188206
-1.99423488,2.13617659
-6.15982371,-0.25923518
6.18308753,-1.16876488
0.43582332,4.27511776
-1.14876512,-6.46529412
6.46423521,-2.60135294
-4.70364694,-6.29429400
3.58497082,-2.29611747
4.97788194,-6.82100006
6.24647074,-5.85064700
-3.46676456,-0.67611782
-4.79579432,-6.84752947
-4.41885285,6.13764682
0.67897032,2.39900029
5.47694126,-1.34529382
6.63638306,-6.08582353
5.89703009,2.86870618
-5.20623509,4.99611800
-4.39644129,0.58623547
-5.27473538,1.29570547
-1.82041212,0.25535312
3.11879415,-5.17894118
-1.58985274,3.30594141
-2.36061724,-2.44123571
-1.70541203,-1.31535247
0.55126503,-3.53294106
2.15199997,2.17105912
-4.08808809,4.29664700
-6.06388226,-2.36088206
-9.26811762,-6.96223541
6.18867582,-5.44323553
-3.73229397,4.66864729
-3.46111747,0.80876429
-1.49329421,2.46341212
3.86438259,7.06252871
-4.03608838,1.46111794
4.02208844,2.65564682
6.47638297,-5.04170588
-4.96602944,3.51482347
5.52505853,2.96670624
-5.39917665,4.20052924
-2.00226459,3.12400012
1.04373529,-7.23652941
-6.48061774,-5.06129412
-4.97155897,0.03600000
-4.80067668,4.56058818
-2.54341171,5.40141206
2.49694106,0.55888276
5.81849938,-7.18294124
3.11344103,7.99229341
2.07691147,5.18917665
6.13341209,1.47264729
2.08702985,-1.17364682
-7.63352944,0.04205859
2.50879444,4.48305918
1.52826468,5.90723553
-5.02611765,4.45535276
4.49002974,-6.87829412
5.40817621,-4.55735282
-5.28864691,6.15523576
-0.44588247,-3.40676476
-5.88750009,4.72335276
-5.93588256,-6.29858824
1.65279432,-2.45941165
-0.04141147,-5.98794106
-5.17182338,1.38152894
2.20129394,-3.18511782
-4.68697044,-3.64352953
0.65502929,2.66311735
-9.08185297,-0.86935335
-1.42988226,6.05899947
-3.18182374,-6.14452947
0.73252959,4.50158782
-4.68923547,-6.97194112
0.23823547,5.82994171
-2.29708862,2.71476476
-3.55061744,6.06276388
-2.96061750,5.13305841
-5.34691171,2.48000024
-8.41505882,1.39641165
4.36441221,-0.92711776
0.57297024,-4.56135288
2.14173529,-3.80982341
-3.39955903,-3.53311788
3.54982353,4.77458818
2.21141141,-4.04964718
0.50520594,4.48035294
-4.50726453,5.12829412
-2.15344147,4.51217653
4.66011765,-2.04170588
-6.06714721,5.37447041
-8.58417647,-1.59758806
-1.35629453,-2.40705871
-3.26741162,7.98564776
-4.12008803,-5.23905900
1.75626509,-5.56876465
4.05467674,-4.25576471
-5.41202950,-6.11647076
0.63661732,6.31570612
2.54011806,2.74264706
6.81826424,3.39800035
1.76958779,4.83805847
-1.93500026,-2.18017671
-7.35929421,1.84235335
-4.68691165,-6.79670582
-4.35899982,-7.25429424
-3.49194112,-3.17105865
6.18314676,-1.14135294
-3.28579397,-4.51352959
0.55102897,5.91646982
2.43252924,0.46358806
1.25152947,-6.43247065
0.44817668,-5.07070606
1.89741156,-2.53317665
-7.33094115,-2.20941165
4.32750029,0.28605924
0.35111729,-3.16964724
-8.71194121,-3.01317641
-1.26576503,-6.65952953
1.22402953,6.58647065
1.20232347,-1.38582388
5.95579438,-4.71064712
-5.57014691,-3.44417665
2.43458826,-7.49370600
7.34297091,-1.17329406
5.30300006,-2.77858824
-8.06705879,-5.47447071
3.46282329,4.64105853
-1.91752982,5.76417629
4.99435335,-3.25852924
0.59941191,1.43758794
-0.76826476,-6.02305871
5.02173571,-1.93152935
3.98926500,3.93505859
-5.59555862,-5.17400000
-0.67779450,-6.84235294
-4.95961762,-5.70247065
6.58702894,-1.90800029
5.81905947,-4.48435300
1.32926491,6.30135212
-1.27376512,-6.39629412
4.51485309,-0.01405871
6.69223562,4.39882347
-2.28773500,2.59641224
0.82511724,1.30382312
-3.63485315,5.71935318
4.67944156,-2.04899959
3.61073574,4.50994153
-7.62344115,-1.99152959
-8.63238232,-2.18529376
-2.34691215,-3.39417624
-5.62817653,0.08511800
1.16573559,7.51947024
3.89435265,4.46935318
-1.47041141,-7.05517647
5.46997071,-5.16305900
-6.14479424,1.92476429
1.51685288,-0.69123571
1.07670594,1.41394135
-3.28050009,-4.14388229
2.40461732,1.70435288
6.79061709,2.21211782
3.08005838,-1.06264718
-3.76888229,4.92705853
-3.58582350,4.31264718
-0.84361806,-5.47517665
1.49785300,-3.28882376
6.12803021,3.97711718
5.66726506,1.92994153
-8.08929421,-0.54129388
-4.68949979,-7.13823518
-6.12891165,-7.26905888
-1.44076447,-7.46235300
-4.42932353,5.42976471
2.31182324,-6.51852935
0.96532394,-6.21241176
6.13194185,2.99952965
2.39820591,2.12176512
-5.73491176,2.48658841
-5.19444094,-5.70464682
7.51876471,-1.99935282
-5.23991171,2.79717659
1.12347053,5.27176441
1.60355871,-0.14088259
-7.64858829,0.19535288
6.66838165,-5.51523547
5.79570635,-4.14117659
-6.29549991,-5.67064712
-1.82385253,2.06764671
-2.11029412,5.17817600
-6.89902944,-6.97399994
0.21314732,-3.93870588
4.30776438,4.98247035
-5.65705871,3.64541176
-7.47982362,-3.44164724
-5.56326474,-0.11252906
-2.19988206,5.13082347
-5.33576471,4.26982388
-2.00561794,-7.13047053
2.24808818,-1.15023535
-0.49667626,-7.05552941
-3.43538218,0.92829447
6.27944050,-0.92258859
6.20876535,-1.74976482
-1.61849976,1.75411806
6.45511762,-2.92541188
0.60202924,-5.41623506
-7.25511776,-0.59223488
8.25091194,-6.53217653
6.89808744,2.04799965
0.08164709,-3.15970565
-6.36164700,0.20605918
-0.43573535,-6.21588224
6.57444135,3.72158812
-7.99314700,5.90417659
2.19991168,-1.51299959
3.75347091,-6.26452953
1.59314682,4.87847094
1.78708782,-7.38870600
-7.35611771,2.54323535
3.92850000,-6.60952941
-8.12747059,-6.84605876
0.69697032,5.58294141
0.86170600,-6.24641171
5.37785250,-3.32729429
1.85620565,-5.18982335
-5.65711750,-1.67858794
-1.90923532,-0.15135282
0.13061794,-4.68476465
6.52358829,4.56582371
0.13773571,-1.06170565
4.15294153,0.52347071
2.45623509,5.37441118
6.66229426,1.69817665
-1.53279382,-3.44864700
1.13882356,-1.57988247
-8.83770582,-4.94135282
1.64585338,-3.99935282
-5.31394106,5.86876541
3.98870579,4.80399994
3.67867682,4.70535276
-7.13058829,-5.43899982
-1.85300041,-2.10388271
2.16991200,-0.27641206
-5.85238244,2.83835288
4.68447068,-5.19382341
-2.57717626,6.17958876
0.59332365,2.42588265
0.36447053,6.27499929
-8.22964703,-4.77835306
-6.78435291,6.45888206
-3.24529400,4.19529453
5.48158891,-7.20752941
0.74261744,5.00341171
3.82073526,4.43176447
4.18691209,4.38876435
4.54947079,6.62676465
-4.39485303,-5.66811776
5.04523512,-2.99252947
0.00894076,6.39823465
1.92305891,-7.44094106
-4.20194109,5.33070641
-6.05611779,2.34800000
0.65414697,4.23852900
-7.22164715,0.48682359
-3.70161753,-3.42441153
-3.70338215,-4.22788241
6.44232356,-4.58717659
5.34708897,0.01547059
7.01311718,3.00905924
-5.85567653,-2.23764665
4.24808818,6.12341129
0.08526432,5.20776547
5.62835335,-6.51905888
4.99341179,1.36958853
0.19120609,1.34847035
5.71726541,-5.93511782
-5.24317662,0.97000029
0.17182382,-0.99494124
-5.60608809,-2.54582347
5.92173497,-1.81570612
-3.37611747,2.42776488
7.25135356,-3.54229424
-2.20944124,-1.71717653
-3.90188238,-1.01176453
2.97817635,-2.57429412
5.70141241,-5.60670606
-2.02620562,6.14976412
1.55711724,-2.03447053
3.74247024,4.47535259
-6.95041185,0.90352947
-7.87573535,1.35529371
0.69873497,-6.44000000
-2.12352976,-2.65358824
5.17961750,1.41370618
-1.78694153,-7.03147059
5.05844118,2.33105918
-1.58099994,-2.90258835
6.12411679,-7.29247059
3.52949974,5.22935218
2.70455844,4.69894141
7.10638247,3.42317647
-0.13005874,-6.71158824
-8.02873521,-3.96305894
-1.55373518,5.71358894
-0.03132359,-4.21941194
1.75244141,-3.95752941
6.18326524,-0.84405876
-3.97744124,-3.51870594
-2.52200003,4.44794147
-0.41570597,-1.58288218
-4.67449997,-3.69123524
-6.84800003,-5.83417647
6.16947129,0.70699982
-8.18808824,-1.86847106
-4.36699991,-7.14999994
-5.80570579,-7.09229412
-3.64476462,-5.99923529
6.07064641,-1.46723488
-2.18676488,-1.86429371
5.75147024,-2.64335271
-3.51158815,-3.16329418
1.63185300,6.04205859
5.79291129,3.98135288
2.63414721,5.17023600
-3.46585309,-1.85511782
3.26035265,6.08517635
4.10082379,4.40941218
-5.94164724,8.87382418
-8.09232353,4.84164700
4.03947088,-6.67752953
0.39835312,2.42952953
-1.39267685,3.77729441
-8.23070594,-1.31741153
-5.44267632,0.59700012
-5.70644109,3.35658800
-6.49097062,-5.65794106
-3.15558803,-6.26694106
6.25364774,2.03670547
-8.73647062,3.57388218
5.48329432,-2.92770612
2.39052985,0.03076441
-1.75867685,-0.09747047
0.50717612,-3.50164706
-1.63126509,-6.21364729
7.55247050,-2.22135294
1.76350044,0.56064741
5.28391221,0.38252976
0.18949979,-0.54688218
-4.58485279,5.30435359
3.18076459,6.22823559
2.26579374,-2.13435276
-7.02105891,-0.04200029
-4.03638235,5.55623494
-7.22488247,2.70335300
3.17738253,5.10899982
-5.27041176,-3.43258800
1.12005885,2.92758806
-0.15735312,-7.23452941
2.43294121,5.10570571
1.70114674,-3.22735282
-7.97817656,-5.48699994
-4.11050012,-3.37894124
-4.22770600,-7.06170588
-1.62594156,-3.12141194
5.56108900,-5.68058824
-4.50214700,1.29694141
5.85452988,-5.64747082
-1.95791176,-2.45741182
2.56302956,5.25058882
-7.87708821,0.56164729
5.57002885,-5.15041171
-6.04144109,2.15905853
1.37705903,5.21782371
0.17770565,-7.18100000
5.57920568,-5.44264718
2.34285332,-6.12088235
8.14482385,-4.25323529
-3.19620603,5.96676459
2.29517679,-1.63658859
-1.45282341,-6.53464712
-0.23585329,4.51711765
1.79926435,-0.73547094
-7.51473526,0.02811747
8.57641241,-3.18641171
6.60396979,-4.15376459
5.53626385,-3.19252959
-7.64864709,-5.28576482
5.66438203,0.99494124
-7.72702947,-7.20617653
0.21814682,-1.85070624
-3.99391174,-2.15235271
5.14603021,-6.22700006
-1.46955871,-3.06676482
-5.22761759,3.86564724
6.58314782,-1.37141147
5.89838185,-1.15476453
-7.55147059,-3.37800018
-0.21917635,-2.03200035
-0.44264671,-6.71458818
-3.14255882,5.09758806
6.52797026,0.17452912
4.80708853,-1.90705871
2.20967641,2.36799982
0.66167674,-5.53394135
7.79864682,-0.01299959
0.20047088,-6.33294118
6.01576503,-0.98658841
-3.37044121,-4.32417659
5.87708776,-3.80088224
-4.36038253,-3.58752935
2.02970618,-6.36147059
4.92229418,-4.02794106
0.55373518,-5.28258829
4.02564732,4.23252959
-3.58744138,1.13088271
-7.39147053,0.11229394
1.68517618,0.01770559
-2.96223538,4.06835312
-2.21785332,-5.50864724
0.23694118,2.86682306
-0.57558844,-6.63035294
-3.90067650,-6.54641182
4.36764706,5.59564747
0.56238241,0.66905841
6.16097124,-6.91523518
-1.64023544,5.72753006
-3.03079403,5.93647135
6.27497056,-4.54641182
-3.18635291,4.58247018
4.10247085,5.32735306
2.95058844,5.72370641
-3.78735306,0.22441188
-7.72011768,7.25935276
-5.46108829,3.38135306
-1.87450006,0.73947053
-0.00632341,5.48052976
-3.44417662,-4.11794100
2.29870606,2.36411776
-4.97697044,6.22535259
-2.26344121,-1.96758853
-1.34544103,-3.71152947
-2.36894135,2.18511782
2.39094094,-1.01152935
-2.20235309,-7.29623524
-3.34385276,-1.15676429
0.34191176,-3.80888229
-7.85349991,-5.10235282
-3.57338221,-6.24152935
-5.48247079,-7.39358835
-7.70247068,7.19905900
-1.34979426,5.08070641
-5.50897038,4.60782312
-5.65132365,5.39399988
-7.76044126,0.36564724
-3.50567626,-4.82670594
-6.21229418,-0.44352900
-7.94191182,-2.21288253
0.71294088,-6.68200012
-2.09264688,4.41805853
-1.84541141,0.77488259
-3.63035315,1.33600035
-3.89579415,-5.90341188
1.42414676,5.35594088
5.46429444,-2.27505853
5.18426515,4.55605900
0.40011776,-2.86858818
-7.56788232,8.57247029
5.31376559,-1.98770588
1.59194138,-6.03699988
0.35894147,0.77152924
-1.50949994,-8.40200000
1.55882353,-6.24947065
0.72329441,5.35370588
3.96976426,-6.59841176
-5.65720591,4.36094129
-1.80799956,-5.21599982
-4.77370588,0.72788194
-3.63594100,5.04305853
-7.28170597,-2.14558859
-2.24297018,-0.70076435
6.90105841,-4.24041165
-4.07458809,-7.18929406
-3.80732368,4.85723518
1.87779415,2.53523524
-3.86000015,-6.25529412
-2.46985312,5.96217618
-4.12038241,-3.42952953
1.01341159,0.87552959
5.48105935,2.28282347
-0.71091147,-7.04299994
7.43399944,-1.74794094
-5.28035288,-6.73652941
-3.22791156,-6.71164706
1.10179409,-0.88535265
2.43838232,2.72535259
3.94926453,5.51364676
-3.70973521,1.52170606
1.03664712,0.78447053
0.84697050,-6.84264712
-5.33288215,5.61641200
5.71111703,-4.96282329
3.53241147,4.73923535
-5.29035276,-1.02023494
-5.64602929,2.70688224
0.48364706,-5.69141165
-7.93873529,-0.75341171
1.15238235,-5.73735318
-4.01882350,-2.58417647
4.11979406,6.20117724
-3.87038241,-6.49041188
-7.62464703,2.64552935
-1.91435332,-6.48635306
3.19949971,-4.95847053
4.63473512,-5.65041171
1.66767615,-6.60888247
1.05758847,5.26829441
-6.74532362,-7.11776465
-1.36276515,-5.55941188
-4.14217647,2.34076465
0.54691179,-1.09770559
-4.17385279,5.85658894
4.48758832,-6.91241188
2.08191188,4.79635259
5.84197100,-4.59717647
-5.23597044,0.38241218
-0.34464668,7.17523553
4.06170565,5.85870541
2.14267685,-6.03041165
3.20452971,-4.64899982
1.70138191,2.36717671
-2.02794153,-2.74335300
1.94076447,-3.96982353
-7.83302935,0.26794076
5.78803029,-2.57052924
-8.17679418,-0.50294135
-2.95423529,4.18094141
-3.47158815,-5.03735306
-7.52949994,-7.14870588
4.05291209,2.45270582
5.63767735,-0.30070588
4.34108779,-5.92617665
-7.94702932,-6.51023529
5.21164659,0.93394112
-7.90794126,-1.79217618
0.41785297,5.24353029
1.75550035,-3.99282341
0.50105915,-6.23947053
0.21799962,-2.42647059
-3.68476465,5.66376453
-7.51488226,-6.78582359
6.06661809,1.42029435
1.62358812,-4.33252941
-5.74717668,3.50647065
-2.04029397,-7.62805871
-6.67729412,6.22464706
2.19538250,0.85629453
-4.13329406,-2.65694112
5.12229471,-6.31458824
4.77720553,-6.87458824
-4.53638235,-6.93100000
1.91508844,-1.13111788
5.40453024,-7.20170594
7.00794176,4.19670553
4.99211750,-1.17723529
5.84658815,-3.81188247
1.61300029,0.14217688
4.81000026,-2.46358806
-4.92632338,-6.41729424
0.50258862,-4.86464688
-1.57773544,5.04441206
3.38923556,5.66811776
0.55617659,-1.18141176
-2.02250044,-0.19652959
-7.52873521,-4.70094118
-3.79220582,-1.57952971
-5.45435288,-1.81494141
-3.27867665,-2.87717665
-6.85191165,6.78811824
-4.87955879,-2.79417641
4.04755894,5.58176559
4.81105850,-2.01376435
-8.22129406,-0.31423500
-6.30544124,0.16429406
4.29561750,-1.14017624
-5.82452932,5.29105871
-5.25235300,-2.66158835
2.99117682,6.31370635
0.22494147,-5.02335312
1.46150029,-1.60035259
-0.16044079,-6.52029418
7.08135268,3.64052988
0.62761732,-4.05858835
5.51861753,-0.35335318
4.53885335,-1.88058829
-0.08614665,5.54411765
0.94514735,-6.79223524
-1.86241150,4.84729453
6.19097003,2.45252900
-5.56297076,-0.19970612
-2.21247056,0.34299965
-4.48450021,5.64394065
-6.23691176,0.20135318
-3.36011774,-3.13141182
-5.21026476,-6.16064724
-2.08611791,4.17770565
-1.16941206,-5.91152953
-3.63091188,-1.75164706
1.16597074,1.97529424
6.12335206,-6.14252924
-5.49664712,-6.16199988
-3.92755891,-0.96200024
-5.92832365,3.95294100
5.95949959,-0.60905906
-6.23500015,-5.26800000
-6.71197062,-5.56605888
4.38467676,4.12776453
0.65000018,4.28282347
-7.71876482,-1.00900000
-5.08858803,-6.05223529
4.19991168,-5.89905865
4.78435291,-5.29952959
-5.57320582,-5.84011753
-2.00755850,-6.21352924
-5.32811782,-5.37682341
-7.35058818,0.70805900
-1.71988274,4.15452935
6.28264662,3.31152971
-1.03402979,-5.51423512
-4.03747065,-5.52358829
-1.61570559,-2.76358841
-3.69020574,4.89794112
-0.05250012,-4.11347065
5.38155947,2.88858841
5.43520579,1.16988235
-3.78908809,-0.72588212
-7.70026465,-0.99747065
5.78570556,-1.27582324
-4.40735312,-3.46800006
-2.30955865,-1.70441212
5.00079435,-0.76882394
-4.43667647,-5.28270588
1.02329388,4.62064676
2.75052956,5.24982406
4.76099979,-6.89452947
-4.32344100,-4.86535288
4.53864691,3.88176500
4.69738232,0.25288212
0.24667626,4.55264729
1.66097035,-4.31529418
-5.03350024,4.56935300
-7.80191174,2.09500029
4.63752926,-0.98164729
-4.08785294,5.33211741
2.25258862,-7.30370576
4.30552941,-6.72047065
4.52144129,6.31635241
6.55852912,3.11770629
5.45591109,-0.56888265
-5.61708832,-1.65552924
6.58182300,0.32323500
0.99232394,5.57935288
3.85985250,-5.27088253
4.75338206,0.74494124
0.59411800,5.71699971
-4.34964706,-2.85311753
-6.63305888,-6.54388224
-0.33261735,-4.55635294
-7.50441182,-3.27452941
6.51379394,0.49429412
5.95720538,3.27400029
1.32364700,5.02052935
2.03191150,5.64929376
-9.14705882,1.90800029
3.10688244,-5.25658824
-1.57914735,7.78594071
3.43485306,4.44852941
-5.71497076,-6.61723529
-6.35650006,5.00323488
-5.18550021,-3.42088229
-4.35673524,-2.51647053
-0.52138206,-5.71111747
6.93399944,-4.23935294
1.33694100,-3.12447041
-1.86255871,4.25123506
-6.18479426,-7.08558835
-2.07514685,-0.24311741
-2.05285285,1.87235306
-7.44173521,-6.50870582
3.53511765,-6.87782353
1.49094076,-5.47347082
-1.39885309,3.59641224
-3.80291165,-1.23347024
4.43370594,-6.19252959
5.14282406,1.94170606
1.73552929,2.60999971
1.50929441,-1.24170553
5.12832282,-2.93782359
6.36288274,-1.18305882
0.67961750,5.66382376
-3.61758826,1.15076494
4.13920594,3.51858788
7.77494182,1.44382341
5.10488174,1.93741206
-3.36885294,4.33494118
-0.09126462,-5.34252929
-0.19714715,-6.03617635
2.03523524,-3.73858824
5.74141200,3.93282365
5.31532376,-2.94958812
-2.91152953,-4.27235276
-2.95608835,-5.51247047
5.04658868,-2.89929424
4.37673500,-6.46670576
0.84594097,2.67076471
-2.66420568,6.76376524
-1.44735268,5.02076453
5.33947035,-1.36352900
-0.37964676,6.09223488
0.61838218,-5.24188235
-0.01591132,-0.96088276
2.91029447,8.35782400
-5.18144135,2.56217688
-1.52708794,4.41100000
5.90485338,3.79041153
-5.24982362,-0.49417653
1.34335326,4.39635335
-2.31823550,-6.85376471
-5.84317644,3.99794094
-7.24667650,-6.62276482
5.35926550,-4.25758812
0.24120556,4.11535288
-7.28582359,-5.74605876
-4.01882350,0.45211794
-5.37217668,-2.97717647
-1.83994159,-6.10658800
-7.41117656,-5.76417629
0.93226444,6.03247071
-4.19991168,-3.06799988
-1.94311794,-1.31223524
-6.01055865,-1.92135259
4.46944115,6.36541212
-3.40626482,-0.87841171
3.71658865,5.56117700
-7.66511759,-2.33176465
7.25552906,-1.98776512
-7.71535291,-5.79082353
-5.15838221,-5.87123512
0.12973562,-3.08788253
-5.09849997,-7.22711765
-1.56020579,-3.52076453
1.10044144,4.93835271
-7.42994106,-1.08447088
-2.03520562,4.12194106
-1.64594135,3.10805918
6.51149974,-0.19594082
-2.99997038,-4.93394112
-1.80217609,0.36135324
6.08132397,0.85123488
4.62744141,-0.34523547
-3.85708841,0.67452912
5.96302885,-0.01294124
2.52699997,-0.49676512
-5.13679415,3.96782371
1.83744094,2.98435259
-8.46047053,0.57511724
6.01285329,-5.97617653
-5.35970576,-6.09782365
3.75738256,-5.29182347
6.11564726,5.13888188
5.60761756,3.00435324
-2.43541135,5.52970618
-4.94294112,-2.19511771
5.71035229,-1.20211794
4.07244156,-5.99088241
1.39855868,4.79970594
-5.98329432,-5.59705894
4.93564741,-8.06682365
-6.47288244,-6.55235288
6.57447006,-5.90223512
-1.37229382,-6.10894100
4.79885326,-3.73870582
-1.65073529,0.45988194
-8.02252938,-4.00282335
-5.81079415,-2.76499982
-1.77570568,-3.48941176
1.32282391,-2.89052941
1.33541153,-2.86023535
1.76614738,-6.72300000
-6.10297079,-6.75600006
-1.56658847,-1.84994147
0.56582374,4.74852976
-7.22238226,-5.24123518
7.96300012,-4.96441159
5.06194171,-4.00058835
-3.53667629,-3.36676476
-4.62238221,-6.48117647
-5.87149991,-1.16641147
1.32817618,5.38464712
-7.51773521,1.73341188
1.40585326,-3.48682359
-1.71744132,5.85300041
6.00841209,-3.42611782
6.15985288,2.32141206
-5.93482344,-7.04376465
-3.94197038,-0.80888276
4.97761806,-2.20047088
-7.21311771,-2.41929447
3.62464726,4.78682394
4.79870606,-6.37164712
7.96305938,-5.45264706
6.92694091,2.93517618
-1.66535321,5.51829441
1.55208812,1.34541141
-5.39488221,3.01447071
5.60002944,-0.71394076
-4.70820574,6.10970529
-0.30444156,-0.85370588
-6.20870568,3.86876453
-7.77329412,5.25117582
-6.10758838,0.56070576
-6.85250003,-5.31570571
-3.47932344,-0.99935282
0.65502929,0.82805859
-5.40723509,3.85088212
-5.59838238,3.87776453
-8.65579415,-1.81382394
5.49520515,-2.11929412
-1.42085265,3.53082365
-1.72832353,-1.59605859
-7.72114697,-0.02894141
0.15217679,1.99247024
-6.95708824,-6.72270582
2.29432321,4.50352929
6.20314653,2.68947018
-4.78432374,-3.46911753
0.41167674,-3.21188218
-6.57152938,-4.55029429
0.39938265,-3.15547047
-2.77673521,4.87635265
-3.27405862,-1.89611729
-3.34673532,-1.46564706
5.98285271,-1.42223494
4.28620553,-5.16470606
4.48479418,-5.63470594
-6.51023529,-7.20199988
4.48344153,-5.66341176
-0.16276462,-2.43188206
-6.12882368,-6.52417641
6.13229371,0.92358847
1.34450038,0.61629441
-5.56423547,-7.70988241
2.50891203,4.87888200
-3.31064694,5.36370671
-8.24191171,-5.23241153
-1.43285324,0.00123506
-3.55532344,0.71094112
1.67908791,-1.53435294
5.59879438,-1.83011765
4.03276512,5.66676418
-2.51458829,4.64258800
1.76032391,-3.66558835
-2.20597032,4.76976465
-3.65502929,2.35429382
1.84720568,-1.83111753
5.07732435,-3.88294129
-7.23014697,-5.86858818
1.84811762,-1.50758812
-1.52994132,2.71376488
5.41158879,3.14288241
1.93373556,2.19152924
-2.30723571,5.43823600
-4.09032350,1.91064724
-2.23461735,-6.85929424
-7.30599997,-4.87047041
4.93926465,-2.11929412
-4.09208815,1.77094135
6.00061753,-4.65247076
6.46273444,-1.63376482
-1.51358841,-2.54858800
-2.20464729,4.30288247
2.26397076,2.06429424
-2.24570600,5.71835329
-5.61179397,5.48041129
4.24473571,-5.53429412
-3.27120568,0.07164718
5.94582412,-7.22664712
-0.18899985,4.22200012
3.92785285,-6.27041176
6.52829338,-4.84741165
-7.00741174,-6.06052935
2.28749982,5.55988265
0.53194115,-6.52229424
-6.14141174,1.46258812
5.38244091,2.50235253
-5.14894103,3.96852918
2.19079412,5.53194112
-1.52300038,0.35870629
-6.93544118,-5.10023541
0.06355915,-3.19376465
-2.25594106,1.48023535
-3.87000006,-5.23029418
2.24308868,-6.79811771
-7.33947059,-1.25500041
6.36991253,-3.19388224
5.98408776,6.87735347
3.90605882,1.86794147
-3.77341191,-2.30458788
-6.18200012,-7.26900012
-7.78105882,-6.12788259
5.49820665,2.47123541
-7.28097062,-7.08023518
-5.52511776,2.39523494
6.28432329,-4.65029412
-4.43732362,-1.52300035
-1.74167676,-1.87188271
-5.65832341,-5.67711776
-5.18073541,-5.53535282
3.73452938,6.22241212
-3.77858824,-5.41952965
-2.71755891,4.13182335
-6.56123532,-5.11405900
0.71373524,-3.83523512
5.02705921,-4.33511759
-2.06573485,3.23911776
-3.18941182,5.06747076
0.95497041,2.81994088
-2.72361756,-4.62129388
-4.57211753,-7.19258812
-3.59470591,0.96823571
5.84441241,-5.67682335
-3.97782359,5.08605959
-0.87264744,-5.87741176
2.84205897,-7.62541176
5.95564718,-1.43958865
-5.57332341,2.90517647
-0.64194085,-6.81070594
4.59794079,-0.12358812
5.64032341,0.71494159
-5.21611785,-1.14617653
-4.20252947,-2.56082335
4.11685271,2.50099988
6.49544032,1.56423500
-2.26758800,5.91470518
-3.70047041,-3.43782359
-5.22411750,5.05982341
-1.93311803,-2.47535300
-7.27929418,-2.95011765
3.82802985,-4.32141159
-4.71400003,-5.35635288
1.01341159,6.32711794
-7.39429406,1.01547059
-8.14135294,-1.88429441
-4.09211776,2.67229418
-3.43405871,8.78447053
-0.30255844,-5.64311759
-2.43894150,-7.14958818
2.34750006,5.24941118
-1.50988232,2.24723547
-5.56767632,1.64976500
-8.16999997,0.57570606
-5.48261756,6.23547006
2.51391153,5.27547141
2.21282329,5.86617682
5.52450024,-3.29064718
1.57650038,-3.02417665
-3.60661765,-1.65935294
-7.49235288,-0.19488259
-7.68994118,0.44817665
-5.83320574,-5.50758812
-1.95749979,-3.27017659
0.70223550,2.54135312
-7.64885285,7.30917718
7.79350012,-6.61623541
-7.86276471,-0.24347106
1.47647094,2.00770571
5.51611688,-5.15452935
-1.55652932,-1.68882394
4.90800026,-1.18041182
3.59179418,-5.91276459
8.13397038,4.21947076
5.73352947,-0.44435300
6.55526553,3.34558824
-6.51508824,-5.07823541
1.43067662,-2.83441165
1.88023556,-7.13735288
-7.97620594,-1.59999982
7.18664729,-0.36047094
-5.88817641,5.07299982
-4.07967647,-0.58700024
5.09867588,-3.03229435
2.83276456,4.84023512
-7.09552944,-6.94223541
-7.18776479,-6.45694129
1.68811753,-4.61458812
-7.52735294,-4.76264682
-4.15576485,5.73352947
6.58879359,-6.21023512
6.74085371,-3.32270588
4.46047076,0.86135324
-0.30608862,-4.63088224
-5.16605871,0.29788206
5.92396994,-1.20405847
-0.04544156,-6.32270588
-3.61808821,-0.80388235
-1.81752912,3.70841171
-8.69629412,-3.04470600
5.97802915,0.84694088
-4.25641182,2.27682318
4.64732362,-8.01070582
1.11382338,-7.43941182
-7.40526468,-6.42705871
-1.30597103,-7.04064718
-8.25358829,-4.76017629
-4.06485300,-2.54276453
6.42770565,3.38676453
0.45623509,4.34135259
-5.52191162,-3.31105894
4.82355903,-7.19517653
-1.91523562,-1.84764729
-5.97238250,-5.75711776
-4.05135300,-5.67405882
3.56161768,-5.56482335
2.94914694,-6.23470576
5.50808894,0.50717612
-3.49438253,-5.15941171
-4.96947076,-6.70629412
-0.89211768,-6.32435294
-7.53158815,-6.95599994
-3.23588247,5.80305929
-3.99905888,-6.58000006
4.06452941,-5.71988229
-2.32302947,4.08082312
2.25735294,0.25588271
3.79082353,-6.23329429
-1.35049976,2.63935312
-5.22541179,-6.04517635
1.94367621,1.97594135
1.49299979,0.44576488
-0.16811774,4.59982388
-4.32097041,1.05464712
-5.05938226,1.28111806
5.71876435,0.69976447
-6.09794124,-1.99752900
-5.07452932,-7.32811759
-6.22208809,-5.03223512
6.57605879,3.18982382
-5.28564724,-1.04988276
-3.37970600,-2.89711759
1.60617603,-4.01482347
-5.41955879,1.62758859
2.86185321,5.35082288
-5.77441182,-2.69841182
6.06147138,-3.52470576
-5.64647047,-0.33358853
-3.54179426,-5.42229418
-7.84782341,-1.66452924
-3.76602935,0.03588241
-6.96405882,-7.79982353
-4.78782338,-5.99076482
0.71638221,5.18217559
8.28185318,-4.01547059
-0.73738276,-7.17023535
-0.38261774,-2.60923541
4.40847059,-1.16894082
-3.99667626,-0.99217671
-1.82411732,4.54405841
-5.15441176,-6.36017653
6.07608750,0.12523518
-4.98894097,-5.48094135
4.49476444,-1.08423571
5.77073579,-1.47241212
-8.10226462,-4.73317629
-5.13988226,-7.20611776
7.99708826,-4.46182341
-6.02305874,-6.49258829
5.09994147,-6.24129418
-5.87129391,4.06970576
-1.48349985,6.17505959
-3.65005897,-5.55852959
-7.29302932,-5.90711753
-5.43905865,2.94576488
0.58188226,-7.18270582
-7.81591168,-3.28311788
-3.37682341,-1.66123512
5.61441221,2.61005894
-5.52749994,1.55864671
0.55258806,4.52799988
-3.41488244,1.92182382
-3.54832368,1.43488265
-3.66770576,-5.28829418
6.11811738,-3.24982365
2.25479394,2.98164729
-2.78926491,5.25935276
-5.58391168,-5.48547047
-7.03182356,-2.68835312
0.22958824,5.25705853
-4.34705891,-2.86799982
4.96991147,1.45341135
5.36399932,1.70194112
4.50214700,-2.40105841
1.86097088,0.96617665
-2.28247071,2.01235335
-1.30020591,6.85300041
1.57844094,-6.94764712
-8.17799994,-1.75229418
-1.41858809,-7.09617635
-7.43476465,7.82317576
1.67588268,8.34441241
-5.49870571,3.32611800
0.89935303,4.86094129
-5.61111765,0.70376500
-5.33661785,3.53988200
-5.41938244,-0.50341171
-9.56935294,4.37741176
-1.53967644,-5.90429418
-3.56705879,0.55476471
0.20923571,-3.04788253
-6.20185315,-0.14270559
0.18382353,-2.04564712
-0.08623550,-1.16600035
-1.84999982,2.18052941
1.78885335,1.93582335
-6.51979403,-5.31641165
0.08058794,6.49588194
-6.62749997,5.98317582
6.59923597,-4.90441176
1.81932338,-3.44188241
-0.20394088,-3.33082359
2.34370603,-6.16841171
6.05955953,-0.02023494
2.08567629,0.98458865
3.75770568,-5.44370582
0.37529441,-3.32782341
4.64255838,6.65541165
-7.09452932,-5.18494100
6.73305915,-3.65147041
3.01238206,7.86599912
2.50397088,5.43223482
-8.03152938,-2.99000012
0.07088247,-4.77070571
-3.05952947,6.05564788
7.05914665,0.63623494
-5.48888218,-5.87152953
-1.53591200,0.96505918
-4.61682353,4.13947071
-7.49697068,2.55170576
2.00117674,-6.49264706
-6.42764709,-5.51058824
-5.67564706,-5.29541194
5.52808874,-7.31658824
8.56579412,5.79129388
-6.83952938,6.62699982
1.28573518,2.71005876
-1.75085271,5.14517571
-3.24711744,-3.59370600
-6.09505868,-5.39188253
-4.23938259,1.58194147
-5.98647038,6.26817588
-5.96329409,3.87300018
-0.43099976,-2.47700006
-0.22773562,-1.01805924
-1.01129421,-7.47758818
-0.45435288,-4.44676476
2.48211759,-6.05464712
-8.05073524,5.51164694
-1.23570612,-7.10188224
2.03514726,5.46829406
4.69999965,-5.50758812
-6.38114706,-4.99252947
3.79008844,-5.95105876
-7.76270585,-2.78088247
2.17588268,-3.89429429
-6.02820588,2.84405876
0.50164706,4.18329394
5.62432324,0.67611782
0.44500015,-5.51129418
-2.11488253,-6.44494112
-1.94255874,-0.88052906
-2.22108818,2.36205876
6.76085350,4.42576512
-5.72314724,-2.11641200
1.03326506,0.73941218
-4.67082350,4.84758806
1.30702926,0.73376465
1.26038226,-6.93947065
-7.40788224,-5.02870582
3.95120597,8.26982388
-1.47408788,2.22335276
1.80858835,5.00670576
0.52582326,5.40976488
-1.44799985,-0.65035294
-4.54608826,-5.04923518
-3.71897079,-3.08805894
-2.24697068,-3.31570571
-8.88547056,-6.51541182
-7.28558821,-6.32776465
-1.68614735,0.29176512
1.77214679,-5.62329418
0.49941209,-4.72723524
1.31008821,-2.39929376
-6.21235297,2.39670606
-5.97764721,-5.84700012
-4.26026468,-2.69570606
2.24035285,6.26029341
0.04611744,6.03370576
-8.91470582,-5.49894129
7.61276424,-2.54441159
1.12076435,-6.91976482
6.22717644,-1.44070612
-7.26311762,-2.19952929
6.07605879,-5.20070606
-5.16223547,-0.37005882
7.39085297,1.87747100
-2.58173550,6.14176494
-3.06508815,-5.72535300
-5.37267662,-1.05517671
-0.71470553,-6.18047065
-2.64476462,-3.61588241
-5.75026479,0.09752971
-0.07841132,-7.77982353
-2.02311797,-1.54276500
3.63182338,-1.60152929
-6.02091174,4.44405859
6.92458747,-1.16770576
1.18255885,5.50617712
-6.35597050,-5.19347065
-5.83638224,-2.63705894
2.12308818,2.39370547
6.21258903,-3.16435288
0.00108785,-3.21676459
5.74711700,-2.49417653
5.02367626,-1.80247047
6.48758832,4.41535324
-1.40241197,-5.24405894
8.00055829,-4.85617647
-5.97532338,-3.00317653
0.87755900,5.81558765
1.69161809,-0.75605865
4.44802947,0.10317635
-8.49405882,0.59564747
-2.60241162,4.29982353
-3.77014700,-1.08970553
0.40902979,-3.46676459
2.16929447,-7.53217653
4.39605891,-0.41941206
-3.39008824,0.04123553
0.28817659,-2.49682347
5.01273571,-2.09782318
6.16317571,-6.06805871
1.98123529,5.83300065
2.43535300,-0.10600012
0.39438226,3.69805906
4.73044091,-7.07335306
6.50199979,-0.30529424
6.13044112,-5.94982371
-8.33782353,-5.78500006
-1.58138229,-1.04594153
-6.23120565,3.32558847
-4.59452956,-6.62799994
5.27617691,0.39429429
-4.99655871,-6.47194112
-6.84847059,-5.72782359
6.15882424,5.56676529
0.40826506,-5.42364724
2.01894153,5.01670571
-1.47111779,0.06800035
0.22164738,1.49452929
-7.34241171,-2.09241171
-1.53917650,1.69023494
-1.42908791,3.21423518
1.58358853,-2.51270606
-6.34208815,-5.68547059
-4.17735291,-1.99511806
-7.66667647,-6.45094118
0.56667641,2.32523571
-2.40147041,5.10323559
5.54873476,0.59794076
1.96561747,-3.53994124
5.64944100,-0.05576459
5.69938212,7.13753018
2.19255874,5.11482329
4.83526432,5.62023565
-3.62455885,8.19217635
-3.57044129,-4.52317629
-3.64094138,-1.66782335
4.46452959,0.54352971
4.76541138,-3.72176453
-6.03158838,1.79535271
-5.38511747,3.36099959
4.98823547,-5.57517647
2.07479409,-0.80358794
-5.72647050,-2.45652953
-3.52052935,5.92899994
-4.19882338,3.88470547
-4.54499997,6.22282318
-1.55152982,-2.27164682
-1.62088191,3.10211718
-1.25173500,-5.42611782
5.77564732,-4.89611771
-6.08955876,-3.21288253
5.30000035,2.23100012
-1.97205847,4.97682371
1.83094159,2.53405853
-0.35811750,-5.51752924
5.58123600,-5.48688235
-5.96444118,-1.36676476
6.52320591,1.42541147
3.85164688,-6.04388247
-8.01285282,-0.74594118
-6.15923532,-6.24611753
-2.05020591,-3.39123535
-0.42744088,-2.70570600
-4.95211747,4.95423529
4.49555879,-5.72247047
-5.48552929,6.44064688
3.01217650,5.68382353
0.86691194,1.33547076
-3.83720576,-5.98388224
3.74729382,-5.52717635
0.98591165,1.65388218
3.96017635,1.66917688
-1.85111729,-5.81164688
-4.41217671,-2.50594106
0.23441179,-7.22776482
-0.27891182,0.16399965
-4.14941182,-4.19176482
0.70158835,-7.19982347
-1.82955844,-0.07352941
-1.87982356,0.70870612
-3.65052929,-3.02317629
5.11291144,1.84205894
-1.79749971,4.87123559
-8.86382350,-5.74182353
-4.38335285,-1.21111794
4.55582382,-2.13529429
-3.71052956,5.65405812
-6.53158815,-6.65335282
-3.05185294,8.64523494
-3.99979400,2.23535335
-0.46755891,-0.62111800
-6.18755879,4.82499965
-1.94094129,1.00199982
2.71244094,6.21976424
-0.62308818,-6.95282365
6.30708762,-7.80929406
-7.75800009,-3.86176482
2.45023571,-3.10200006
-5.66300021,-5.64388229
3.24935285,5.90870576
6.37532312,-5.48594129
-7.81632344,-3.53323541
-8.40902944,-0.76641218
-0.71991147,-7.22488247
6.67579382,-5.12647071
-1.52999968,4.10652971
-2.20635268,-5.44264718
-0.05423512,-2.48247076
-5.50052956,-5.22452947
4.92791209,1.22876518
0.16205912,4.28500006
-1.52400029,5.49582271
5.19688147,-3.88623541
-5.60220606,5.55094100
1.21252979,2.63799959
-3.30938226,-4.95000012
-5.51700009,-3.33217665
-6.61458835,-7.16700006
-2.06867621,2.43723524
6.34558824,-4.34529429
2.32188235,-5.79752935
-3.73017659,5.75105912
-5.40705871,-6.51199994
-4.20388256,-1.33058794
1.93270606,4.65117688
-1.94594079,-2.44600006
-2.09732324,4.48082329
2.07285265,2.89394153
-2.46341212,4.05364724
5.61076444,-7.16700006
2.03200038,6.45411771
6.14450074,3.96300012
-5.95085279,-0.85270600
0.21802924,3.23529412
-6.25370585,-2.95111759
0.91976479,-7.15405876
0.20252900,4.35482341
-6.00982353,1.58864729
2.36241150,-5.51658812
-8.41629409,6.76011747
0.34782321,-3.19394100
-3.40958809,1.57711794
-5.02261756,-6.18582335
-5.91267665,6.13723576
-1.87252897,5.84129424
-0.40905853,7.07523482
0.23188244,2.99541159
4.55632379,-6.45094118
6.31541174,0.38682376
4.57199994,-1.14817629
5.71255853,-4.44200000
-6.17952953,-0.38588224
-3.67899997,2.73223518
-8.01714706,5.07635318
-1.48294156,4.00541147
8.09773524,1.04417688
4.96870603,1.84317647
-8.31705879,3.00647065
-2.11020615,1.47847076
-7.99517644,-2.94435300
-1.51129421,-6.56352953
6.21914674,2.87511759
-6.51320579,-7.67529412
-3.88626459,4.30341206
0.36808868,-5.25035276
-3.91761779,-1.50523559
3.67238212,6.39000029
-1.79141147,0.99082318
-5.16776456,0.92270618
-8.17011765,1.04570547
-0.40479412,5.28682394
3.84641221,-6.20500006
-5.70729424,-4.93870588
-3.76458829,1.94505847
1.88064665,-4.82747065
-4.99841174,5.00135265
6.30485265,0.82647076
-1.38823565,4.85770553
3.45849968,-3.04347047
-5.95847050,0.22088265
0.23452938,4.21758853
-3.65861779,0.34582341
5.84517715,-5.89005865
-5.70579394,-0.59629371
4.22573494,4.33382371
1.42700015,4.67164700
2.74673553,5.48005947
-7.14400012,-6.36352941
-1.98347024,-5.97923547
6.31579412,0.16288218
-2.14811797,-2.90476453
-8.81911759,3.32423488
-1.35582329,6.19300035
0.44023491,-2.12570547
2.72044103,4.93470582
-1.92711774,4.89429429
-4.62247062,-4.15764706
-3.64923544,-3.57805900
5.09794168,-0.13000041
2.49585321,0.59999982
-4.41276462,-2.36641200
1.41214706,3.03058847
3.74158791,5.53317618
-4.17052953,-4.16688224
5.92476521,3.55064659
-4.30476471,-1.96023559
1.43367632,1.66858806
-4.36994126,-3.71952953
3.75594106,-6.04258818
1.60008868,-0.51958782
-4.53455891,-4.38282371
-6.64320597,-5.32288224
-8.77364709,-4.60841188
-5.71638221,2.83288218
-5.84705891,-5.58376494
0.72758844,-3.34200018
4.25164706,-0.57076488
5.94396974,2.84941188
-0.22297041,-7.54870582
-2.74176474,-0.40194076
-6.12979394,5.72676535
5.80891150,-6.88929412
0.31355915,-1.79288259
5.27961821,-0.98435259
6.13170668,-0.23476453
-5.81602926,-7.15723529
-4.39073541,-5.62535276
1.69667682,1.17982394
6.22588215,-2.51747041
7.15908815,-0.35376518
5.63364724,-1.53699988
6.29255944,0.09347088
6.83117676,-5.26217653
-1.35444103,-0.71100035
0.43064700,-4.39164688
-2.35600012,-0.83964718
5.92814726,0.05329447
-5.27861785,-2.70717665
4.42270615,-2.09999982
-7.15688235,-5.47188253
-5.01788241,4.03194112
-4.36264712,2.69788224
-1.77897015,4.10352912
2.11179397,-1.19105888
-6.16629432,-6.23611765
-5.57005894,-2.07358865
0.93264679,-2.61882335
2.37658782,-2.06882341
-7.47891168,-5.43817629
-4.05947068,-3.34911753
-3.53097041,0.43682324
5.19352991,-3.24470612
-4.33044121,-1.78182353
-1.88714688,-0.54752935
-5.72755882,-7.13047053
-5.57217632,-2.57294106
-0.57608841,-7.39870588
3.55523503,4.80470547
-0.32249988,-0.27311794
6.88308894,-5.30376476
-4.42502953,-6.17099988
-2.71661779,5.76211729
0.28500006,-3.89547059
-3.98826465,4.02347071
-5.26135300,-2.24370618
5.23861694,-5.91970600
1.62379456,5.57223512
-3.60338232,1.21141141
-5.50547074,-5.01923547
5.16920562,-2.25470600
-2.13044112,5.17088229
6.00638176,3.33088235
-4.06447062,-4.23694118
5.22335276,-4.32482371
-3.36576485,-0.86776465
-8.21588235,-6.65200000
5.79547121,-6.27217641
-1.49882326,1.73894094
-5.37099994,2.53282347
6.04847088,4.45517688
5.93714635,3.21352971
-5.19820582,2.53594071
-2.19899974,1.73752906
0.42432359,4.21705894
1.81549971,-3.71311771
-5.88970588,-2.26852953
2.48647085,-5.99047041
-6.55105882,5.66488288
6.02135332,-5.94052929
-1.48094088,-0.50152947
-1.40629397,-1.70111800
-6.10270600,-6.16570594
4.99535324,0.45323541
-3.36011774,-4.72847076
-4.74138238,4.93505859
2.69155882,-4.98305871
1.84444115,2.01647053
0.63185300,-4.84999982
-5.74476488,-5.18670612
-2.09179418,2.75664747
4.19594079,-1.43088218
5.03599997,-4.61876453
-6.42652938,-6.28911771
-2.17505871,4.48976494
-1.36823497,-0.00735294
-7.45682347,6.24647071
-5.38258812,-2.69576488
-5.86844097,2.25541147
-3.30014712,0.67147018
-3.18944100,5.38282329
5.00911759,1.46088276
-7.41726459,2.59688253
-3.40961771,-4.96870600
6.52317721,-0.68117659
2.20964679,-3.08558835
-5.89711762,-6.02047059
-1.51844159,-2.48694118
4.69511774,-6.62729418
6.57958806,-2.86735312
-6.33297056,0.06182324
7.75223497,-0.34252929
7.05394071,4.27235324
-4.07861776,-2.44988206
-3.54579432,4.84282371
0.39823556,2.24664665
5.30923462,-4.08541194
-7.47938247,0.16182394
1.87002924,-5.75694094
-2.72694126,4.21241129
-4.19038256,4.50470600
6.87767656,2.59923506
3.25138226,6.26623535
-1.28973568,-5.86235318
0.45758865,-1.81658847
4.83141191,-0.18747035
0.85879426,1.60676482
-0.88355838,-5.94970571
-7.03535303,-7.19882359
5.07432288,-1.45129394
6.34055821,-6.66405888
4.97429432,-5.83152953
0.50202941,-0.85658800
-5.40535288,5.80211682
-3.63879394,-4.37447041
0.01294124,5.08535229
6.81588206,2.39164735
-4.11535285,0.52835265
4.62661744,-1.36952929
5.88238168,3.66823535
-7.22188232,-5.32576482
-1.81052982,2.43282365
-2.83576471,-4.88664694
-1.60120618,-6.01270606
2.28858859,-0.01911747
-1.33794088,-0.11511771
3.85035256,-5.45370571
-5.18023547,-0.96200024
2.21855882,5.00776494
-9.48014709,-3.04258818
-7.72302941,-5.30270612
0.79511756,-3.12782335
-0.29779412,-0.59394118
-8.02570591,-6.44294112
-3.83844129,-6.77211759
2.40170559,-0.33164706
-4.17908838,0.97376476
5.38052906,-0.89105853
-4.15814703,5.13735241
6.15735224,3.26647053
-7.98973532,-4.26323518
5.14952894,-3.04794129
5.46149938,-0.46782371
5.83047126,0.19099965
-5.06444100,-6.48641182
-0.28867653,-4.78400018
4.79158826,0.88947071
6.57079359,-4.10294118
-6.21302929,4.38705894
-7.71800009,-2.02764712
-1.08735297,-6.85341171
-3.29908841,1.84276447
-3.99835294,-0.42882312
-4.20888250,5.72382312
-0.32505888,-3.99900012
-0.30676450,-2.21758853
-4.31038218,2.40023535
6.04338165,-7.11758829
2.14517662,2.51252924
5.84002865,6.40158800
1.09544103,6.46147065
0.08576426,6.13352876
-5.41935282,2.69470576
-4.05650015,-4.21164706
1.59211732,4.45270582
4.99797059,-0.22976506
3.12829412,6.32376459
1.13547024,-7.40670594
-1.84670571,-1.56435259
3.99414691,2.82717624
-8.10058818,-2.14705882
1.37320574,-0.05152982
-3.08932362,-5.81529418
1.79538232,0.41082318
6.19408821,-4.33858806
-2.00370609,-2.80917629
-2.95552962,5.17805929
0.29047079,-1.84099982
-7.53235288,-5.01858835
-2.60547056,-3.49852929
-5.30479432,2.71664700
-7.54847068,0.45370571
-5.84064709,1.76929429
1.82661797,6.13853006
-4.88791162,-2.32429412
-4.18285279,-0.55517671
-6.45588235,-6.69982347
-0.32526441,-0.65494135
1.47176497,6.58805935
-0.96988274,-5.63735288
-0.41694103,-2.03735265
4.74032324,-2.53641194
1.55882353,3.03470565
-5.05794121,5.36858771
-7.71929415,-4.21947076
-2.64164688,4.26976465
6.90508853,3.06876506
-5.16088238,5.43141265
-5.21123550,4.26605853
-5.54741176,5.96829406
-3.80055865,2.11558800
-3.51741162,-0.39388229
-5.91708824,1.72147053
1.71849959,-3.81788229
6.11620556,-1.26282365
-4.19720594,-2.75564712
8.12055879,0.63923553
4.91738265,1.66364694
-7.70405894,0.89900029
-4.19720594,-1.32229435
-4.02955897,-1.00982394
1.72441191,7.11994124
-0.11447053,6.24217671
-4.38679415,4.28911724
-3.39441188,-0.01858788
-1.53161800,2.12164665
-4.42611785,2.66635312
1.43776479,-0.82876500
-3.50476479,2.64582376
5.56870585,-6.04323535
4.61320585,0.69705918
4.47961785,-5.25582347
6.51197006,-0.36911729
7.01529471,3.30411753
-8.06273538,1.70058847
0.96555912,-7.30829418
4.53058850,-0.32464688
3.50717612,-2.32029453
-8.53508826,-0.12364735
-1.43302918,-6.50788229
5.79961800,-4.83005882
1.24488203,-5.88358847
2.43405871,-6.74500006
6.38558779,-2.73388224
3.11011729,4.54535271
1.32249988,6.26353006
7.79120591,-3.49729424
0.26152935,1.54194100
-0.36350026,-3.51947065
-3.81626488,1.36923488
0.00964715,-2.35999971
-7.50850003,-2.63670571
2.31120571,1.96464718
-5.37379412,-2.21411759
-3.51258806,-5.23105888
-7.63908812,-5.08294141
-7.38511771,0.44323553
1.47332315,-5.22370594
2.28638235,-3.37423529
1.71273535,-2.07399976
0.33326453,-6.05241171
5.98688282,-2.47805876
-1.63123547,-2.39723565
1.26861753,-2.85470582
5.17332368,-2.98811747
-1.89405912,5.62670541
-4.73379426,6.21229465
6.43673526,-3.83852924
5.80932438,-3.67882359
-6.26811756,1.73764665
4.97523500,-4.51558818
6.05305929,-4.59647053
1.16997035,2.81800035
6.26108865,-0.60905906
1.43976459,-0.45823488
3.04326494,-5.75517629
-3.66214706,-2.34652976
-7.77820588,-0.19429376
2.02544088,1.37158829
3.75335335,-1.13605906
6.47064747,-0.17523553
-4.31773512,-3.10035300
1.63717650,5.77829341
2.94926453,5.01617612
0.87508797,1.59070629
-2.05370556,5.99058800
6.73861694,3.94699994
-1.93750000,1.27876459
2.39779394,-0.62341218
5.33205818,-6.37700000
-1.83582350,-6.56364712
-2.69664721,4.27576494
-2.21467679,-7.11123524
3.17932309,6.38058829
-6.81185285,6.92894071
-5.40082371,5.31964647
0.42158868,-4.47505859
6.46391206,-5.09376482
3.99570600,1.99923529
-2.11388262,4.48052976
5.53482415,7.31011782
1.14923544,4.34629371
-1.89320553,2.96088276
7.03855806,1.35858782
-1.84552900,-2.45547035
-7.41941182,-3.66758818
-5.53741185,-0.72782359
-1.41147029,-0.58841212
-6.80599997,1.08576429
-4.09097065,-3.91129394
6.02144129,-1.35052941
-2.51655894,5.60964788
-2.11211800,5.37211700
6.23744112,-6.51623535
0.67497074,-6.13700012
1.52455856,0.12100041
-3.88894115,-6.31152947
4.00408847,4.88617659
4.65458859,-6.49452947
5.93547147,-4.94241200
-3.86035291,-2.64947059
-1.24888253,6.88782276
7.58914724,6.48805865
-5.99935285,-6.20329418
0.25352926,1.45570553
0.15505891,-2.10452900
-0.69779429,-5.67623541
3.99088241,-6.81782353
-3.81823550,-5.32894135
-5.61297068,-5.41894129
-7.76852932,-6.76076465
0.47226491,1.91988235
6.26467715,1.05282324
4.14279444,-5.89964700
-5.17264691,-6.77547053
-5.67458838,5.17970547
3.84576506,-5.97129418
-4.35761756,0.00500041
1.46558785,4.57117688
-2.07499965,-6.67158824
1.06517656,0.96611741
5.68964700,-2.44552971
4.34523550,-6.71164706
6.05088176,-1.06064741
1.51388191,5.71594059
-8.00952932,-3.58288218
-7.56170588,0.64711806
1.31197044,-2.64241165
6.38464715,-2.64788235
-4.30364721,2.09058782
-4.39008824,-0.85905906
-1.61561765,-3.33541194
6.84920547,4.86076447
4.13070588,-6.39652947
4.21091147,-7.00811765
-5.01844115,5.33235259
-5.54864726,5.25799918
4.36805906,-6.08258818
0.54050041,-3.32070606
-5.65467656,-6.88982347
-8.06820588,0.87505924
4.36470571,-5.64417624
4.76632332,1.14235282
-4.18585294,4.46135306
0.86699991,6.10558900
5.33129344,-2.03164671
-5.38514709,-6.80405876
-3.93667647,1.22705888
-7.90917656,-7.01164718
5.98391185,3.12829412
3.61847103,5.26970535
-2.00814729,-2.21123547
4.73317674,-5.84123547
-4.18661768,-1.53129400
-1.74670588,2.58500041
5.42911844,2.12047082
0.87279376,-0.03835253
-6.25967653,1.27064694
4.38661732,-0.25252935
5.89544138,0.60805918
2.20888206,-5.87158829
-0.40702909,-5.31205882
8.06923541,-5.09329406
-3.54008844,-5.64776476
3.62749974,-0.83376447
-2.53517644,4.22494147
5.68635291,-0.68688247
-6.20585274,6.19435212
5.90497006,6.22905953
-1.30900035,-5.60276482
5.65658750,2.42847041
7.34061747,-0.93094141
-8.04782350,-2.51094100
-8.16217647,-4.72194135
-2.22764676,5.81976500
0.88476474,0.97635335
7.16829368,0.12570547
5.56629494,1.07947047
-7.98582347,1.22876518
-8.11179421,-6.62547053
5.99917603,3.23517653
-6.23861762,-5.53570600
-5.15820582,-5.73652965
-3.28652953,-1.15864741
6.85008868,-4.99270582
1.01667606,1.70641194
3.53988200,-6.04847041
7.73541259,2.32358865
-8.03944126,-1.83652900
6.48255829,3.61947094
6.71538229,2.65888259
-2.11026450,3.31788276
1.67905921,2.17676500
-4.39941182,-5.70105876
6.97161685,4.10335318
5.48326559,-4.89305876
0.48691156,-1.21252982
-3.57823541,4.81052982
-7.61764706,-4.68570576
-3.85976456,1.24235265
-3.76767641,-2.34335329
0.36588241,-7.33999994
-8.50988232,5.75082400
-5.47626450,2.61411776
-2.96641182,5.88194182
-4.10132374,4.95876447
-5.26055865,2.61635276
0.05061788,-1.20500006
6.53808774,-1.33876488
2.09214694,2.75752976
-7.85714700,0.24811776
5.93082382,-3.09670571
-3.67194097,0.15164724
-4.30929429,2.11735265
-4.06605888,4.60852947
-1.98347024,-0.99858812
6.28429459,-3.08164706
2.76655847,7.65364706
4.17647059,-5.30129424
0.13373521,1.79535271
-4.11641156,-0.95858853
-5.33397047,-6.89747059
-6.12035279,-2.05000035
6.19723512,-4.58705900
3.17747050,4.56305918
5.60411700,-3.12635312
-5.23144126,4.06441182
5.98767629,-2.72941188
-1.58485324,1.65635324
4.42788247,-1.87782376
-1.28352985,-7.47058824
6.81138162,3.15764665
-5.73708838,8.87494076
-3.82249988,-4.84247053
0.08738259,-1.22788194
